date,day-stars,total-stars
16-06-2010,808,808
17-06-2010,1,809
18-06-2010,2,811
19-06-2010,1,812
20-06-2010,2,814
21-06-2010,2,816
22-06-2010,2,818
23-06-2010,0,818
24-06-2010,3,821
25-06-2010,0,821
26-06-2010,0,821
27-06-2010,2,823
28-06-2010,1,824
29-06-2010,0,824
30-06-2010,0,824
01-07-2010,1,825
02-07-2010,1,826
03-07-2010,0,826
04-07-2010,2,828
05-07-2010,1,829
06-07-2010,1,830
07-07-2010,2,832
08-07-2010,2,834
09-07-2010,1,835
10-07-2010,5,840
11-07-2010,2,842
12-07-2010,3,845
13-07-2010,2,847
14-07-2010,3,850
15-07-2010,0,850
16-07-2010,1,851
17-07-2010,1,852
18-07-2010,1,853
19-07-2010,1,854
20-07-2010,1,855
21-07-2010,2,857
22-07-2010,1,858
23-07-2010,2,860
24-07-2010,3,863
25-07-2010,0,863
26-07-2010,2,865
27-07-2010,1,866
28-07-2010,0,866
29-07-2010,1,867
30-07-2010,0,867
31-07-2010,2,869
01-08-2010,1,870
02-08-2010,0,870
03-08-2010,1,871
04-08-2010,2,873
05-08-2010,1,874
06-08-2010,0,874
07-08-2010,0,874
08-08-2010,0,874
09-08-2010,2,876
10-08-2010,0,876
11-08-2010,0,876
12-08-2010,0,876
13-08-2010,0,876
14-08-2010,3,879
15-08-2010,1,880
16-08-2010,3,883
17-08-2010,1,884
18-08-2010,1,885
19-08-2010,1,886
20-08-2010,1,887
21-08-2010,1,888
22-08-2010,1,889
23-08-2010,0,889
24-08-2010,0,889
25-08-2010,1,890
26-08-2010,0,890
27-08-2010,2,892
28-08-2010,0,892
29-08-2010,0,892
30-08-2010,0,892
31-08-2010,0,892
01-09-2010,0,892
02-09-2010,0,892
03-09-2010,0,892
04-09-2010,1,893
05-09-2010,0,893
06-09-2010,1,894
07-09-2010,0,894
08-09-2010,1,895
09-09-2010,2,897
10-09-2010,0,897
11-09-2010,0,897
12-09-2010,2,899
13-09-2010,0,899
14-09-2010,1,900
15-09-2010,0,900
16-09-2010,2,902
17-09-2010,0,902
18-09-2010,3,905
19-09-2010,0,905
20-09-2010,2,907
21-09-2010,3,910
22-09-2010,1,911
23-09-2010,0,911
24-09-2010,1,912
25-09-2010,0,912
26-09-2010,2,914
27-09-2010,1,915
28-09-2010,1,916
29-09-2010,1,917
30-09-2010,0,917
01-10-2010,2,919
02-10-2010,0,919
03-10-2010,1,920
04-10-2010,0,920
05-10-2010,0,920
06-10-2010,2,922
07-10-2010,1,923
08-10-2010,0,923
09-10-2010,2,925
10-10-2010,0,925
11-10-2010,3,928
12-10-2010,1,929
13-10-2010,1,930
14-10-2010,0,930
15-10-2010,0,930
16-10-2010,2,932
17-10-2010,1,933
18-10-2010,0,933
19-10-2010,2,935
20-10-2010,2,937
21-10-2010,3,940
22-10-2010,0,940
23-10-2010,0,940
24-10-2010,1,941
25-10-2010,5,946
26-10-2010,1,947
27-10-2010,1,948
28-10-2010,4,952
29-10-2010,3,955
30-10-2010,0,955
31-10-2010,1,956
01-11-2010,1,957
02-11-2010,1,958
03-11-2010,1,959
04-11-2010,0,959
05-11-2010,1,960
06-11-2010,1,961
07-11-2010,2,963
08-11-2010,0,963
09-11-2010,0,963
10-11-2010,3,966
11-11-2010,3,969
12-11-2010,2,971
13-11-2010,1,972
14-11-2010,1,973
15-11-2010,0,973
16-11-2010,1,974
17-11-2010,2,976
18-11-2010,2,978
19-11-2010,0,978
20-11-2010,2,980
21-11-2010,0,980
22-11-2010,0,980
23-11-2010,0,980
24-11-2010,0,980
25-11-2010,3,983
26-11-2010,1,984
27-11-2010,0,984
28-11-2010,1,985
29-11-2010,2,987
30-11-2010,1,988
01-12-2010,1,989
02-12-2010,0,989
03-12-2010,1,990
04-12-2010,2,992
05-12-2010,1,993
06-12-2010,1,994
07-12-2010,0,994
08-12-2010,1,995
09-12-2010,2,997
10-12-2010,2,999
11-12-2010,1,1000
12-12-2010,0,1000
13-12-2010,0,1000
14-12-2010,1,1001
15-12-2010,1,1002
16-12-2010,0,1002
17-12-2010,1,1003
18-12-2010,0,1003
19-12-2010,1,1004
20-12-2010,1,1005
21-12-2010,0,1005
22-12-2010,4,1009
23-12-2010,0,1009
24-12-2010,1,1010
25-12-2010,0,1010
26-12-2010,1,1011
27-12-2010,1,1012
28-12-2010,1,1013
29-12-2010,1,1014
30-12-2010,0,1014
31-12-2010,1,1015
01-01-2011,1,1016
02-01-2011,0,1016
03-01-2011,0,1016
04-01-2011,2,1018
05-01-2011,0,1018
06-01-2011,2,1020
07-01-2011,0,1020
08-01-2011,1,1021
09-01-2011,0,1021
10-01-2011,2,1023
11-01-2011,0,1023
12-01-2011,2,1025
13-01-2011,2,1027
14-01-2011,0,1027
15-01-2011,1,1028
16-01-2011,0,1028
17-01-2011,1,1029
18-01-2011,2,1031
19-01-2011,1,1032
20-01-2011,4,1036
21-01-2011,1,1037
22-01-2011,1,1038
23-01-2011,1,1039
24-01-2011,3,1042
25-01-2011,1,1043
26-01-2011,0,1043
27-01-2011,1,1044
28-01-2011,2,1046
29-01-2011,0,1046
30-01-2011,2,1048
31-01-2011,2,1050
01-02-2011,2,1052
02-02-2011,3,1055
03-02-2011,1,1056
04-02-2011,1,1057
05-02-2011,2,1059
06-02-2011,2,1061
07-02-2011,1,1062
08-02-2011,2,1064
09-02-2011,2,1066
10-02-2011,0,1066
11-02-2011,1,1067
12-02-2011,1,1068
13-02-2011,1,1069
14-02-2011,1,1070
15-02-2011,0,1070
16-02-2011,3,1073
17-02-2011,0,1073
18-02-2011,1,1074
19-02-2011,1,1075
20-02-2011,2,1077
21-02-2011,2,1079
22-02-2011,0,1079
23-02-2011,1,1080
24-02-2011,0,1080
25-02-2011,2,1082
26-02-2011,1,1083
27-02-2011,2,1085
28-02-2011,1,1086
01-03-2011,0,1086
02-03-2011,1,1087
03-03-2011,0,1087
04-03-2011,1,1088
05-03-2011,2,1090
06-03-2011,0,1090
07-03-2011,1,1091
08-03-2011,0,1091
09-03-2011,1,1092
10-03-2011,2,1094
11-03-2011,4,1098
12-03-2011,1,1099
13-03-2011,2,1101
14-03-2011,2,1103
15-03-2011,0,1103
16-03-2011,1,1104
17-03-2011,2,1106
18-03-2011,2,1108
19-03-2011,1,1109
20-03-2011,2,1111
21-03-2011,1,1112
22-03-2011,1,1113
23-03-2011,1,1114
24-03-2011,8,1122
25-03-2011,1,1123
26-03-2011,2,1125
27-03-2011,0,1125
28-03-2011,1,1126
29-03-2011,2,1128
30-03-2011,3,1131
31-03-2011,2,1133
01-04-2011,0,1133
02-04-2011,2,1135
03-04-2011,0,1135
04-04-2011,0,1135
05-04-2011,1,1136
06-04-2011,1,1137
07-04-2011,0,1137
08-04-2011,1,1138
09-04-2011,0,1138
10-04-2011,0,1138
11-04-2011,3,1141
12-04-2011,0,1141
13-04-2011,0,1141
14-04-2011,0,1141
15-04-2011,1,1142
16-04-2011,0,1142
17-04-2011,0,1142
18-04-2011,0,1142
19-04-2011,2,1144
20-04-2011,2,1146
21-04-2011,2,1148
22-04-2011,1,1149
23-04-2011,0,1149
24-04-2011,0,1149
25-04-2011,0,1149
26-04-2011,0,1149
27-04-2011,1,1150
28-04-2011,0,1150
29-04-2011,1,1151
30-04-2011,3,1154
01-05-2011,0,1154
02-05-2011,2,1156
03-05-2011,1,1157
04-05-2011,1,1158
05-05-2011,1,1159
06-05-2011,0,1159
07-05-2011,0,1159
08-05-2011,1,1160
09-05-2011,0,1160
10-05-2011,1,1161
11-05-2011,2,1163
12-05-2011,0,1163
13-05-2011,0,1163
14-05-2011,0,1163
15-05-2011,0,1163
16-05-2011,3,1166
17-05-2011,1,1167
18-05-2011,2,1169
19-05-2011,1,1170
20-05-2011,1,1171
21-05-2011,2,1173
22-05-2011,1,1174
23-05-2011,2,1176
24-05-2011,0,1176
25-05-2011,0,1176
26-05-2011,0,1176
27-05-2011,1,1177
28-05-2011,0,1177
29-05-2011,1,1178
30-05-2011,0,1178
31-05-2011,1,1179
01-06-2011,1,1180
02-06-2011,1,1181
03-06-2011,0,1181
04-06-2011,3,1184
05-06-2011,1,1185
06-06-2011,1,1186
07-06-2011,1,1187
08-06-2011,0,1187
09-06-2011,3,1190
10-06-2011,1,1191
11-06-2011,0,1191
12-06-2011,2,1193
13-06-2011,0,1193
14-06-2011,2,1195
15-06-2011,0,1195
16-06-2011,1,1196
17-06-2011,0,1196
18-06-2011,0,1196
19-06-2011,2,1198
20-06-2011,0,1198
21-06-2011,4,1202
22-06-2011,2,1204
23-06-2011,0,1204
24-06-2011,2,1206
25-06-2011,0,1206
26-06-2011,0,1206
27-06-2011,1,1207
28-06-2011,1,1208
29-06-2011,0,1208
30-06-2011,1,1209
01-07-2011,0,1209
02-07-2011,0,1209
03-07-2011,0,1209
04-07-2011,2,1211
05-07-2011,0,1211
06-07-2011,1,1212
07-07-2011,0,1212
08-07-2011,0,1212
09-07-2011,0,1212
10-07-2011,0,1212
11-07-2011,0,1212
12-07-2011,0,1212
13-07-2011,1,1213
14-07-2011,2,1215
15-07-2011,2,1217
16-07-2011,0,1217
17-07-2011,0,1217
18-07-2011,0,1217
19-07-2011,1,1218
20-07-2011,0,1218
21-07-2011,2,1220
22-07-2011,0,1220
23-07-2011,0,1220
24-07-2011,1,1221
25-07-2011,1,1222
26-07-2011,0,1222
27-07-2011,2,1224
28-07-2011,4,1228
29-07-2011,1,1229
30-07-2011,1,1230
31-07-2011,0,1230
01-08-2011,0,1230
02-08-2011,2,1232
03-08-2011,1,1233
04-08-2011,1,1234
05-08-2011,0,1234
06-08-2011,0,1234
07-08-2011,2,1236
08-08-2011,0,1236
09-08-2011,0,1236
10-08-2011,1,1237
11-08-2011,1,1238
12-08-2011,1,1239
13-08-2011,0,1239
14-08-2011,1,1240
15-08-2011,0,1240
16-08-2011,2,1242
17-08-2011,0,1242
18-08-2011,1,1243
19-08-2011,0,1243
20-08-2011,0,1243
21-08-2011,1,1244
22-08-2011,1,1245
23-08-2011,0,1245
24-08-2011,0,1245
25-08-2011,0,1245
26-08-2011,1,1246
27-08-2011,0,1246
28-08-2011,0,1246
29-08-2011,0,1246
30-08-2011,1,1247
31-08-2011,0,1247
01-09-2011,1,1248
02-09-2011,0,1248
03-09-2011,3,1251
04-09-2011,0,1251
05-09-2011,3,1254
06-09-2011,1,1255
07-09-2011,2,1257
08-09-2011,0,1257
09-09-2011,0,1257
10-09-2011,0,1257
11-09-2011,0,1257
12-09-2011,1,1258
13-09-2011,0,1258
14-09-2011,0,1258
15-09-2011,0,1258
16-09-2011,0,1258
17-09-2011,1,1259
18-09-2011,1,1260
19-09-2011,0,1260
20-09-2011,1,1261
21-09-2011,0,1261
22-09-2011,0,1261
23-09-2011,1,1262
24-09-2011,2,1264
25-09-2011,1,1265
26-09-2011,2,1267
27-09-2011,2,1269
28-09-2011,0,1269
29-09-2011,4,1273
30-09-2011,1,1274
01-10-2011,0,1274
02-10-2011,2,1276
03-10-2011,2,1278
04-10-2011,0,1278
05-10-2011,1,1279
06-10-2011,2,1281
07-10-2011,0,1281
08-10-2011,1,1282
09-10-2011,0,1282
10-10-2011,1,1283
11-10-2011,1,1284
12-10-2011,1,1285
13-10-2011,0,1285
14-10-2011,1,1286
15-10-2011,1,1287
16-10-2011,0,1287
17-10-2011,0,1287
18-10-2011,0,1287
19-10-2011,0,1287
20-10-2011,1,1288
21-10-2011,0,1288
22-10-2011,4,1292
23-10-2011,0,1292
24-10-2011,1,1293
25-10-2011,0,1293
26-10-2011,0,1293
27-10-2011,0,1293
28-10-2011,0,1293
29-10-2011,1,1294
30-10-2011,1,1295
31-10-2011,0,1295
01-11-2011,0,1295
02-11-2011,0,1295
03-11-2011,0,1295
04-11-2011,3,1298
05-11-2011,0,1298
06-11-2011,1,1299
07-11-2011,1,1300
08-11-2011,1,1301
09-11-2011,0,1301
10-11-2011,1,1302
11-11-2011,0,1302
12-11-2011,0,1302
13-11-2011,0,1302
14-11-2011,0,1302
15-11-2011,0,1302
16-11-2011,0,1302
17-11-2011,0,1302
18-11-2011,1,1303
19-11-2011,1,1304
20-11-2011,0,1304
21-11-2011,0,1304
22-11-2011,2,1306
23-11-2011,0,1306
24-11-2011,1,1307
25-11-2011,1,1308
26-11-2011,0,1308
27-11-2011,2,1310
28-11-2011,0,1310
29-11-2011,0,1310
30-11-2011,2,1312
01-12-2011,1,1313
02-12-2011,1,1314
03-12-2011,3,1317
04-12-2011,1,1318
05-12-2011,0,1318
06-12-2011,0,1318
07-12-2011,0,1318
08-12-2011,0,1318
09-12-2011,1,1319
10-12-2011,1,1320
11-12-2011,0,1320
12-12-2011,0,1320
13-12-2011,1,1321
14-12-2011,1,1322
15-12-2011,1,1323
16-12-2011,2,1325
17-12-2011,0,1325
18-12-2011,1,1326
19-12-2011,1,1327
20-12-2011,0,1327
21-12-2011,0,1327
22-12-2011,2,1329
23-12-2011,1,1330
24-12-2011,0,1330
25-12-2011,0,1330
26-12-2011,0,1330
27-12-2011,0,1330
28-12-2011,2,1332
29-12-2011,0,1332
30-12-2011,0,1332
31-12-2011,1,1333
01-01-2012,1,1334
02-01-2012,0,1334
03-01-2012,1,1335
04-01-2012,1,1336
05-01-2012,1,1337
06-01-2012,0,1337
07-01-2012,1,1338
08-01-2012,0,1338
09-01-2012,1,1339
10-01-2012,1,1340
11-01-2012,2,1342
12-01-2012,0,1342
13-01-2012,3,1345
14-01-2012,0,1345
15-01-2012,1,1346
16-01-2012,0,1346
17-01-2012,1,1347
18-01-2012,0,1347
19-01-2012,0,1347
20-01-2012,1,1348
21-01-2012,1,1349
22-01-2012,1,1350
23-01-2012,0,1350
24-01-2012,0,1350
25-01-2012,1,1351
26-01-2012,3,1354
27-01-2012,0,1354
28-01-2012,2,1356
29-01-2012,1,1357
30-01-2012,1,1358
31-01-2012,1,1359
01-02-2012,0,1359
02-02-2012,3,1362
03-02-2012,0,1362
04-02-2012,0,1362
05-02-2012,0,1362
06-02-2012,0,1362
07-02-2012,0,1362
08-02-2012,0,1362
09-02-2012,0,1362
10-02-2012,0,1362
11-02-2012,0,1362
12-02-2012,0,1362
13-02-2012,0,1362
14-02-2012,0,1362
15-02-2012,0,1362
16-02-2012,0,1362
17-02-2012,0,1362
18-02-2012,1,1363
19-02-2012,0,1363
20-02-2012,1,1364
21-02-2012,0,1364
22-02-2012,0,1364
23-02-2012,1,1365
24-02-2012,0,1365
25-02-2012,1,1366
26-02-2012,0,1366
27-02-2012,1,1367
28-02-2012,0,1367
29-02-2012,0,1367
01-03-2012,0,1367
02-03-2012,0,1367
03-03-2012,0,1367
04-03-2012,0,1367
05-03-2012,1,1368
06-03-2012,0,1368
07-03-2012,0,1368
08-03-2012,1,1369
09-03-2012,0,1369
10-03-2012,0,1369
11-03-2012,1,1370
12-03-2012,0,1370
13-03-2012,1,1371
14-03-2012,0,1371
15-03-2012,0,1371
16-03-2012,0,1371
17-03-2012,2,1373
18-03-2012,0,1373
19-03-2012,0,1373
20-03-2012,0,1373
21-03-2012,0,1373
22-03-2012,0,1373
23-03-2012,0,1373
24-03-2012,0,1373
25-03-2012,0,1373
26-03-2012,0,1373
27-03-2012,0,1373
28-03-2012,0,1373
29-03-2012,0,1373
30-03-2012,0,1373
31-03-2012,0,1373
01-04-2012,1,1374
02-04-2012,1,1375
03-04-2012,0,1375
04-04-2012,1,1376
05-04-2012,0,1376
06-04-2012,2,1378
07-04-2012,1,1379
08-04-2012,0,1379
09-04-2012,0,1379
10-04-2012,0,1379
11-04-2012,0,1379
12-04-2012,0,1379
13-04-2012,1,1380
14-04-2012,1,1381
15-04-2012,0,1381
16-04-2012,2,1383
17-04-2012,1,1384
18-04-2012,0,1384
19-04-2012,2,1386
20-04-2012,1,1387
21-04-2012,0,1387
22-04-2012,0,1387
23-04-2012,1,1388
24-04-2012,0,1388
25-04-2012,1,1389
26-04-2012,0,1389
27-04-2012,0,1389
28-04-2012,2,1391
29-04-2012,0,1391
30-04-2012,0,1391
01-05-2012,0,1391
02-05-2012,0,1391
03-05-2012,1,1392
04-05-2012,0,1392
05-05-2012,0,1392
06-05-2012,0,1392
07-05-2012,0,1392
08-05-2012,0,1392
09-05-2012,1,1393
10-05-2012,0,1393
11-05-2012,2,1395
12-05-2012,0,1395
13-05-2012,0,1395
14-05-2012,0,1395
15-05-2012,0,1395
16-05-2012,0,1395
17-05-2012,0,1395
18-05-2012,1,1396
19-05-2012,0,1396
20-05-2012,0,1396
21-05-2012,1,1397
22-05-2012,0,1397
23-05-2012,0,1397
24-05-2012,0,1397
25-05-2012,0,1397
26-05-2012,0,1397
27-05-2012,0,1397
28-05-2012,0,1397
29-05-2012,1,1398
30-05-2012,0,1398
31-05-2012,0,1398
01-06-2012,1,1399
02-06-2012,1,1400
03-06-2012,0,1400
04-06-2012,0,1400
05-06-2012,0,1400
06-06-2012,1,1401
07-06-2012,0,1401
08-06-2012,1,1402
09-06-2012,0,1402
10-06-2012,1,1403
11-06-2012,1,1404
12-06-2012,0,1404
13-06-2012,0,1404
14-06-2012,0,1404
15-06-2012,0,1404
16-06-2012,0,1404
17-06-2012,0,1404
18-06-2012,0,1404
19-06-2012,0,1404
20-06-2012,0,1404
21-06-2012,0,1404
22-06-2012,0,1404
23-06-2012,0,1404
24-06-2012,0,1404
25-06-2012,0,1404
26-06-2012,0,1404
27-06-2012,0,1404
28-06-2012,1,1405
29-06-2012,0,1405
30-06-2012,0,1405
01-07-2012,0,1405
02-07-2012,0,1405
03-07-2012,1,1406
04-07-2012,0,1406
05-07-2012,0,1406
06-07-2012,1,1407
07-07-2012,1,1408
08-07-2012,0,1408
09-07-2012,0,1408
10-07-2012,0,1408
11-07-2012,0,1408
12-07-2012,0,1408
13-07-2012,1,1409
14-07-2012,0,1409
15-07-2012,0,1409
16-07-2012,0,1409
17-07-2012,0,1409
18-07-2012,1,1410
19-07-2012,0,1410
20-07-2012,1,1411
21-07-2012,0,1411
22-07-2012,0,1411
23-07-2012,0,1411
24-07-2012,1,1412
25-07-2012,1,1413
26-07-2012,0,1413
27-07-2012,0,1413
28-07-2012,1,1414
29-07-2012,0,1414
30-07-2012,0,1414
31-07-2012,0,1414
01-08-2012,0,1414
02-08-2012,0,1414
03-08-2012,1,1415
04-08-2012,1,1416
05-08-2012,0,1416
06-08-2012,0,1416
07-08-2012,0,1416
08-08-2012,0,1416
09-08-2012,1,1417
10-08-2012,0,1417
11-08-2012,0,1417
12-08-2012,0,1417
13-08-2012,0,1417
14-08-2012,0,1417
15-08-2012,0,1417
16-08-2012,1,1418
17-08-2012,1,1419
18-08-2012,0,1419
19-08-2012,0,1419
20-08-2012,1,1420
21-08-2012,0,1420
22-08-2012,0,1420
23-08-2012,0,1420
24-08-2012,0,1420
25-08-2012,0,1420
26-08-2012,0,1420
27-08-2012,0,1420
28-08-2012,0,1420
29-08-2012,1,1421
30-08-2012,4,1425
31-08-2012,0,1425
01-09-2012,0,1425
02-09-2012,0,1425
03-09-2012,1,1426
04-09-2012,0,1426
05-09-2012,0,1426
06-09-2012,0,1426
07-09-2012,0,1426
08-09-2012,1,1427
09-09-2012,0,1427
10-09-2012,0,1427
11-09-2012,0,1427
12-09-2012,0,1427
13-09-2012,1,1428
14-09-2012,1,1429
15-09-2012,1,1430
16-09-2012,0,1430
17-09-2012,0,1430
18-09-2012,0,1430
19-09-2012,1,1431
20-09-2012,1,1432
21-09-2012,2,1434
22-09-2012,0,1434
23-09-2012,0,1434
24-09-2012,0,1434
25-09-2012,1,1435
26-09-2012,0,1435
27-09-2012,1,1436
28-09-2012,0,1436
29-09-2012,0,1436
30-09-2012,0,1436
01-10-2012,0,1436
02-10-2012,0,1436
03-10-2012,0,1436
04-10-2012,0,1436
05-10-2012,1,1437
06-10-2012,0,1437
07-10-2012,0,1437
08-10-2012,0,1437
09-10-2012,0,1437
10-10-2012,0,1437
11-10-2012,0,1437
12-10-2012,0,1437
13-10-2012,0,1437
14-10-2012,0,1437
15-10-2012,0,1437
16-10-2012,0,1437
17-10-2012,0,1437
18-10-2012,0,1437
19-10-2012,0,1437
20-10-2012,0,1437
21-10-2012,0,1437
22-10-2012,0,1437
23-10-2012,0,1437
24-10-2012,0,1437
25-10-2012,0,1437
26-10-2012,0,1437
27-10-2012,2,1439
28-10-2012,0,1439
29-10-2012,0,1439
30-10-2012,0,1439
31-10-2012,0,1439
01-11-2012,0,1439
02-11-2012,0,1439
03-11-2012,0,1439
04-11-2012,0,1439
05-11-2012,0,1439
06-11-2012,0,1439
07-11-2012,0,1439
08-11-2012,0,1439
09-11-2012,0,1439
10-11-2012,0,1439
11-11-2012,0,1439
12-11-2012,0,1439
13-11-2012,0,1439
14-11-2012,0,1439
15-11-2012,0,1439
16-11-2012,1,1440
17-11-2012,0,1440
18-11-2012,0,1440
19-11-2012,0,1440
20-11-2012,0,1440
21-11-2012,0,1440
22-11-2012,0,1440
23-11-2012,0,1440
24-11-2012,0,1440
25-11-2012,0,1440
26-11-2012,0,1440
27-11-2012,0,1440
28-11-2012,0,1440
29-11-2012,0,1440
30-11-2012,0,1440
01-12-2012,0,1440
02-12-2012,0,1440
03-12-2012,0,1440
04-12-2012,0,1440
05-12-2012,0,1440
06-12-2012,1,1441
07-12-2012,0,1441
08-12-2012,0,1441
09-12-2012,0,1441
10-12-2012,0,1441
11-12-2012,0,1441
12-12-2012,0,1441
13-12-2012,0,1441
14-12-2012,0,1441
15-12-2012,0,1441
16-12-2012,0,1441
17-12-2012,0,1441
18-12-2012,0,1441
19-12-2012,0,1441
20-12-2012,0,1441
21-12-2012,0,1441
22-12-2012,0,1441
23-12-2012,0,1441
24-12-2012,0,1441
25-12-2012,0,1441
26-12-2012,0,1441
27-12-2012,0,1441
28-12-2012,0,1441
29-12-2012,0,1441
30-12-2012,0,1441
31-12-2012,0,1441
01-01-2013,0,1441
02-01-2013,0,1441
03-01-2013,0,1441
04-01-2013,0,1441
05-01-2013,0,1441
06-01-2013,0,1441
07-01-2013,0,1441
08-01-2013,0,1441
09-01-2013,0,1441
10-01-2013,0,1441
11-01-2013,0,1441
12-01-2013,0,1441
13-01-2013,0,1441
14-01-2013,0,1441
15-01-2013,0,1441
16-01-2013,0,1441
17-01-2013,0,1441
18-01-2013,0,1441
19-01-2013,0,1441
20-01-2013,0,1441
21-01-2013,0,1441
22-01-2013,1,1442
23-01-2013,0,1442
24-01-2013,0,1442
25-01-2013,0,1442
26-01-2013,1,1443
27-01-2013,0,1443
28-01-2013,0,1443
29-01-2013,0,1443
30-01-2013,0,1443
31-01-2013,0,1443
01-02-2013,0,1443
02-02-2013,0,1443
03-02-2013,0,1443
04-02-2013,0,1443
05-02-2013,0,1443
06-02-2013,0,1443
07-02-2013,0,1443
08-02-2013,1,1444
09-02-2013,1,1445
10-02-2013,1,1446
11-02-2013,4,1450
12-02-2013,3,1453
13-02-2013,2,1455
14-02-2013,1,1456
15-02-2013,6,1462
16-02-2013,3,1465
17-02-2013,3,1468
18-02-2013,5,1473
19-02-2013,7,1480
20-02-2013,4,1484
21-02-2013,3,1487
22-02-2013,2,1489
23-02-2013,2,1491
24-02-2013,2,1493
25-02-2013,1,1494
26-02-2013,0,1494
27-02-2013,1,1495
28-02-2013,2,1497
01-03-2013,2,1499
02-03-2013,1,1500
03-03-2013,0,1500
04-03-2013,0,1500
05-03-2013,3,1503
06-03-2013,2,1505
07-03-2013,2,1507
08-03-2013,2,1509
09-03-2013,4,1513
10-03-2013,4,1517
11-03-2013,0,1517
12-03-2013,4,1521
13-03-2013,8,1529
14-03-2013,4,1533
15-03-2013,3,1536
16-03-2013,1,1537
17-03-2013,1,1538
18-03-2013,1,1539
19-03-2013,4,1543
20-03-2013,5,1548
21-03-2013,2,1550
22-03-2013,1,1551
23-03-2013,1,1552
24-03-2013,1,1553
25-03-2013,1,1554
26-03-2013,4,1558
27-03-2013,1,1559
28-03-2013,2,1561
29-03-2013,1,1562
30-03-2013,2,1564
31-03-2013,7,1571
01-04-2013,2,1573
02-04-2013,2,1575
03-04-2013,65,1640
04-04-2013,93,1733
05-04-2013,22,1755
06-04-2013,14,1769
07-04-2013,12,1781
08-04-2013,14,1795
09-04-2013,8,1803
10-04-2013,25,1828
11-04-2013,10,1838
12-04-2013,6,1844
13-04-2013,11,1855
14-04-2013,10,1865
15-04-2013,7,1872
16-04-2013,4,1876
17-04-2013,6,1882
18-04-2013,8,1890
19-04-2013,6,1896
20-04-2013,2,1898
21-04-2013,0,1898
22-04-2013,2,1900
23-04-2013,9,1909
24-04-2013,3,1912
25-04-2013,4,1916
26-04-2013,6,1922
27-04-2013,1,1923
28-04-2013,20,1943
29-04-2013,11,1954
30-04-2013,8,1962
01-05-2013,4,1966
02-05-2013,3,1969
03-05-2013,0,1969
04-05-2013,6,1975
05-05-2013,1,1976
06-05-2013,5,1981
07-05-2013,6,1987
08-05-2013,4,1991
09-05-2013,2,1993
10-05-2013,2,1995
11-05-2013,6,2001
12-05-2013,1,2002
13-05-2013,3,2005
14-05-2013,5,2010
15-05-2013,2,2012
16-05-2013,6,2018
17-05-2013,4,2022
18-05-2013,5,2027
19-05-2013,0,2027
20-05-2013,3,2030
21-05-2013,1,2031
22-05-2013,3,2034
23-05-2013,3,2037
24-05-2013,3,2040
25-05-2013,3,2043
26-05-2013,8,2051
27-05-2013,5,2056
28-05-2013,10,2066
29-05-2013,4,2070
30-05-2013,6,2076
31-05-2013,4,2080
01-06-2013,3,2083
02-06-2013,3,2086
03-06-2013,7,2093
04-06-2013,4,2097
05-06-2013,2,2099
06-06-2013,5,2104
07-06-2013,2,2106
08-06-2013,3,2109
09-06-2013,2,2111
10-06-2013,2,2113
11-06-2013,3,2116
12-06-2013,1,2117
13-06-2013,2,2119
14-06-2013,2,2121
15-06-2013,1,2122
16-06-2013,1,2123
17-06-2013,0,2123
18-06-2013,1,2124
19-06-2013,2,2126
20-06-2013,8,2134
21-06-2013,3,2137
22-06-2013,1,2138
23-06-2013,4,2142
24-06-2013,3,2145
25-06-2013,4,2149
26-06-2013,2,2151
27-06-2013,3,2154
28-06-2013,0,2154
29-06-2013,5,2159
30-06-2013,3,2162
01-07-2013,3,2165
02-07-2013,2,2167
03-07-2013,11,2178
04-07-2013,15,2193
05-07-2013,10,2203
06-07-2013,4,2207
07-07-2013,4,2211
08-07-2013,3,2214
09-07-2013,5,2219
10-07-2013,5,2224
11-07-2013,4,2228
12-07-2013,6,2234
13-07-2013,1,2235
14-07-2013,2,2237
15-07-2013,8,2245
16-07-2013,5,2250
17-07-2013,2,2252
18-07-2013,2,2254
19-07-2013,0,2254
20-07-2013,3,2257
21-07-2013,1,2258
22-07-2013,2,2260
23-07-2013,7,2267
24-07-2013,7,2274
25-07-2013,3,2277
26-07-2013,5,2282
27-07-2013,2,2284
28-07-2013,5,2289
29-07-2013,4,2293
30-07-2013,6,2299
31-07-2013,6,2305
01-08-2013,7,2312
02-08-2013,4,2316
03-08-2013,0,2316
04-08-2013,4,2320
05-08-2013,6,2326
06-08-2013,1,2327
07-08-2013,5,2332
08-08-2013,8,2340
09-08-2013,9,2349
10-08-2013,2,2351
11-08-2013,4,2355
12-08-2013,4,2359
13-08-2013,3,2362
14-08-2013,3,2365
15-08-2013,3,2368
16-08-2013,5,2373
17-08-2013,4,2377
18-08-2013,4,2381
19-08-2013,5,2386
20-08-2013,5,2391
21-08-2013,3,2394
22-08-2013,5,2399
23-08-2013,3,2402
24-08-2013,7,2409
25-08-2013,12,2421
26-08-2013,4,2425
27-08-2013,4,2429
28-08-2013,9,2438
29-08-2013,4,2442
30-08-2013,5,2447
31-08-2013,5,2452
01-09-2013,1,2453
02-09-2013,3,2456
03-09-2013,3,2459
04-09-2013,2,2461
05-09-2013,6,2467
06-09-2013,3,2470
07-09-2013,1,2471
08-09-2013,2,2473
09-09-2013,5,2478
10-09-2013,2,2480
11-09-2013,3,2483
12-09-2013,1,2484
13-09-2013,2,2486
14-09-2013,0,2486
15-09-2013,0,2486
16-09-2013,3,2489
17-09-2013,3,2492
18-09-2013,2,2494
19-09-2013,3,2497
20-09-2013,2,2499
21-09-2013,6,2505
22-09-2013,1,2506
23-09-2013,2,2508
24-09-2013,8,2516
25-09-2013,6,2522
26-09-2013,2,2524
27-09-2013,34,2558
28-09-2013,10,2568
29-09-2013,6,2574
30-09-2013,5,2579
01-10-2013,8,2587
02-10-2013,4,2591
03-10-2013,4,2595
04-10-2013,2,2597
05-10-2013,3,2600
06-10-2013,9,2609
07-10-2013,7,2616
08-10-2013,8,2624
09-10-2013,4,2628
10-10-2013,10,2638
11-10-2013,6,2644
12-10-2013,7,2651
13-10-2013,8,2659
14-10-2013,2,2661
15-10-2013,6,2667
16-10-2013,5,2672
17-10-2013,4,2676
18-10-2013,8,2684
19-10-2013,3,2687
20-10-2013,7,2694
21-10-2013,8,2702
22-10-2013,7,2709
23-10-2013,6,2715
24-10-2013,4,2719
25-10-2013,3,2722
26-10-2013,4,2726
27-10-2013,2,2728
28-10-2013,9,2737
29-10-2013,7,2744
30-10-2013,6,2750
31-10-2013,2,2752
01-11-2013,6,2758
02-11-2013,2,2760
03-11-2013,2,2762
04-11-2013,5,2767
05-11-2013,7,2774
06-11-2013,2,2776
07-11-2013,2,2778
08-11-2013,3,2781
09-11-2013,5,2786
10-11-2013,4,2790
11-11-2013,9,2799
12-11-2013,4,2803
13-11-2013,3,2806
14-11-2013,5,2811
15-11-2013,3,2814
16-11-2013,1,2815
17-11-2013,3,2818
18-11-2013,8,2826
19-11-2013,7,2833
20-11-2013,2,2835
21-11-2013,3,2838
22-11-2013,2,2840
23-11-2013,3,2843
24-11-2013,2,2845
25-11-2013,4,2849
26-11-2013,4,2853
27-11-2013,3,2856
28-11-2013,1,2857
29-11-2013,5,2862
30-11-2013,0,2862
01-12-2013,4,2866
02-12-2013,5,2871
03-12-2013,11,2882
04-12-2013,11,2893
05-12-2013,10,2903
06-12-2013,4,2907
07-12-2013,3,2910
08-12-2013,5,2915
09-12-2013,2,2917
10-12-2013,4,2921
11-12-2013,7,2928
12-12-2013,3,2931
13-12-2013,6,2937
14-12-2013,3,2940
15-12-2013,0,2940
16-12-2013,3,2943
17-12-2013,5,2948
18-12-2013,0,2948
19-12-2013,6,2954
20-12-2013,2,2956
21-12-2013,4,2960
22-12-2013,3,2963
23-12-2013,3,2966
24-12-2013,2,2968
25-12-2013,4,2972
26-12-2013,2,2974
27-12-2013,2,2976
28-12-2013,8,2984
29-12-2013,17,3001
30-12-2013,11,3012
31-12-2013,12,3024
01-01-2014,5,3029
02-01-2014,2,3031
03-01-2014,4,3035
04-01-2014,13,3048
05-01-2014,8,3056
06-01-2014,5,3061
07-01-2014,11,3072
08-01-2014,9,3081
09-01-2014,17,3098
10-01-2014,27,3125
11-01-2014,12,3137
12-01-2014,17,3154
13-01-2014,16,3170
14-01-2014,8,3178
15-01-2014,10,3188
16-01-2014,13,3201
17-01-2014,11,3212
18-01-2014,5,3217
19-01-2014,9,3226
20-01-2014,6,3232
21-01-2014,10,3242
22-01-2014,13,3255
23-01-2014,9,3264
24-01-2014,6,3270
25-01-2014,3,3273
26-01-2014,4,3277
27-01-2014,4,3281
28-01-2014,5,3286
29-01-2014,9,3295
30-01-2014,4,3299
31-01-2014,3,3302
01-02-2014,3,3305
02-02-2014,3,3308
03-02-2014,5,3313
04-02-2014,7,3320
05-02-2014,5,3325
06-02-2014,25,3350
07-02-2014,9,3359
08-02-2014,5,3364
09-02-2014,5,3369
10-02-2014,14,3383
11-02-2014,9,3392
12-02-2014,11,3403
13-02-2014,7,3410
14-02-2014,12,3422
15-02-2014,6,3428
16-02-2014,3,3431
17-02-2014,3,3434
18-02-2014,4,3438
19-02-2014,7,3445
20-02-2014,6,3451
21-02-2014,9,3460
22-02-2014,4,3464
23-02-2014,5,3469
24-02-2014,20,3489
25-02-2014,3,3492
26-02-2014,8,3500
27-02-2014,8,3508
28-02-2014,10,3518
01-03-2014,6,3524
02-03-2014,1,3525
03-03-2014,8,3533
04-03-2014,7,3540
05-03-2014,4,3544
06-03-2014,6,3550
07-03-2014,11,3561
08-03-2014,6,3567
09-03-2014,5,3572
10-03-2014,4,3576
11-03-2014,9,3585
12-03-2014,6,3591
13-03-2014,9,3600
14-03-2014,5,3605
15-03-2014,6,3611
16-03-2014,14,3625
17-03-2014,8,3633
18-03-2014,8,3641
19-03-2014,9,3650
20-03-2014,6,3656
21-03-2014,5,3661
22-03-2014,7,3668
23-03-2014,6,3674
24-03-2014,9,3683
25-03-2014,7,3690
26-03-2014,9,3699
27-03-2014,4,3703
28-03-2014,14,3717
29-03-2014,13,3730
30-03-2014,7,3737
31-03-2014,3,3740
01-04-2014,9,3749
02-04-2014,4,3753
03-04-2014,10,3763
04-04-2014,16,3779
05-04-2014,11,3790
06-04-2014,15,3805
07-04-2014,7,3812
08-04-2014,11,3823
09-04-2014,6,3829
10-04-2014,5,3834
11-04-2014,6,3840
12-04-2014,2,3842
13-04-2014,7,3849
14-04-2014,8,3857
15-04-2014,7,3864
16-04-2014,9,3873
17-04-2014,14,3887
18-04-2014,19,3906
19-04-2014,15,3921
20-04-2014,9,3930
21-04-2014,5,3935
22-04-2014,12,3947
23-04-2014,8,3955
24-04-2014,4,3959
25-04-2014,4,3963
26-04-2014,12,3975
27-04-2014,17,3992
28-04-2014,13,4005
29-04-2014,16,4021
30-04-2014,16,4037
01-05-2014,14,4051
02-05-2014,21,4072
03-05-2014,2,4074
04-05-2014,6,4080
05-05-2014,7,4087
06-05-2014,15,4102
07-05-2014,8,4110
08-05-2014,7,4117
09-05-2014,7,4124
10-05-2014,6,4130
11-05-2014,5,4135
12-05-2014,10,4145
13-05-2014,10,4155
14-05-2014,11,4166
15-05-2014,3,4169
16-05-2014,5,4174
17-05-2014,4,4178
18-05-2014,5,4183
19-05-2014,7,4190
20-05-2014,5,4195
21-05-2014,4,4199
22-05-2014,8,4207
23-05-2014,4,4211
24-05-2014,6,4217
25-05-2014,7,4224
26-05-2014,7,4231
27-05-2014,7,4238
28-05-2014,2,4240
29-05-2014,3,4243
30-05-2014,13,4256
31-05-2014,6,4262
01-06-2014,2,4264
02-06-2014,7,4271
03-06-2014,14,4285
04-06-2014,12,4297
05-06-2014,19,4316
06-06-2014,13,4329
07-06-2014,9,4338
08-06-2014,11,4349
09-06-2014,5,4354
10-06-2014,13,4367
11-06-2014,8,4375
12-06-2014,12,4387
13-06-2014,10,4397
14-06-2014,8,4405
15-06-2014,10,4415
16-06-2014,17,4432
17-06-2014,10,4442
18-06-2014,14,4456
19-06-2014,6,4462
20-06-2014,9,4471
21-06-2014,10,4481
22-06-2014,6,4487
23-06-2014,4,4491
24-06-2014,19,4510
25-06-2014,8,4518
26-06-2014,7,4525
27-06-2014,8,4533
28-06-2014,10,4543
29-06-2014,11,4554
30-06-2014,16,4570
01-07-2014,20,4590
02-07-2014,26,4616
03-07-2014,25,4641
04-07-2014,29,4670
05-07-2014,13,4683
06-07-2014,14,4697
07-07-2014,16,4713
08-07-2014,12,4725
09-07-2014,10,4735
10-07-2014,10,4745
11-07-2014,14,4759
12-07-2014,9,4768
13-07-2014,11,4779
14-07-2014,6,4785
15-07-2014,10,4795
16-07-2014,17,4812
17-07-2014,13,4825
18-07-2014,19,4844
19-07-2014,6,4850
20-07-2014,4,4854
21-07-2014,7,4861
22-07-2014,7,4868
23-07-2014,12,4880
24-07-2014,19,4899
25-07-2014,9,4908
26-07-2014,8,4916
27-07-2014,8,4924
28-07-2014,9,4933
29-07-2014,7,4940
30-07-2014,7,4947
31-07-2014,9,4956
01-08-2014,5,4961
02-08-2014,5,4966
03-08-2014,9,4975
04-08-2014,10,4985
05-08-2014,16,5001
06-08-2014,10,5011
07-08-2014,10,5021
08-08-2014,3,5024
09-08-2014,9,5033
10-08-2014,7,5040
11-08-2014,4,5044
12-08-2014,5,5049
13-08-2014,9,5058
14-08-2014,8,5066
15-08-2014,5,5071
16-08-2014,11,5082
17-08-2014,12,5094
18-08-2014,9,5103
19-08-2014,12,5115
20-08-2014,9,5124
21-08-2014,8,5132
22-08-2014,13,5145
23-08-2014,13,5158
24-08-2014,13,5171
25-08-2014,14,5185
26-08-2014,8,5193
27-08-2014,4,5197
28-08-2014,14,5211
29-08-2014,7,5218
30-08-2014,9,5227
31-08-2014,7,5234
01-09-2014,5,5239
02-09-2014,5,5244
03-09-2014,10,5254
04-09-2014,8,5262
05-09-2014,9,5271
06-09-2014,1,5272
07-09-2014,13,5285
08-09-2014,7,5292
09-09-2014,7,5299
10-09-2014,5,5304
11-09-2014,9,5313
12-09-2014,10,5323
13-09-2014,11,5334
14-09-2014,3,5337
15-09-2014,14,5351
16-09-2014,36,5387
17-09-2014,30,5417
18-09-2014,18,5435
19-09-2014,10,5445
20-09-2014,6,5451
21-09-2014,13,5464
22-09-2014,7,5471
23-09-2014,13,5484
24-09-2014,6,5490
25-09-2014,15,5505
26-09-2014,9,5514
27-09-2014,8,5522
28-09-2014,11,5533
29-09-2014,15,5548
30-09-2014,18,5566
01-10-2014,23,5589
02-10-2014,37,5626
03-10-2014,33,5659
04-10-2014,21,5680
05-10-2014,10,5690
06-10-2014,19,5709
07-10-2014,8,5717
08-10-2014,20,5737
09-10-2014,19,5756
10-10-2014,20,5776
11-10-2014,9,5785
12-10-2014,18,5803
13-10-2014,15,5818
14-10-2014,26,5844
15-10-2014,10,5854
16-10-2014,8,5862
17-10-2014,15,5877
18-10-2014,10,5887
19-10-2014,4,5891
20-10-2014,13,5904
21-10-2014,11,5915
22-10-2014,9,5924
23-10-2014,14,5938
24-10-2014,12,5950
25-10-2014,4,5954
26-10-2014,8,5962
27-10-2014,6,5968
28-10-2014,15,5983
29-10-2014,16,5999
30-10-2014,11,6010
31-10-2014,24,6034
01-11-2014,11,6045
02-11-2014,10,6055
03-11-2014,18,6073
04-11-2014,13,6086
05-11-2014,18,6104
06-11-2014,8,6112
07-11-2014,9,6121
08-11-2014,14,6135
09-11-2014,11,6146
10-11-2014,19,6165
11-11-2014,21,6186
12-11-2014,16,6202
13-11-2014,17,6219
14-11-2014,7,6226
15-11-2014,14,6240
16-11-2014,13,6253
17-11-2014,16,6269
18-11-2014,15,6284
19-11-2014,16,6300
20-11-2014,14,6314
21-11-2014,12,6326
22-11-2014,9,6335
23-11-2014,15,6350
24-11-2014,10,6360
25-11-2014,12,6372
26-11-2014,11,6383
27-11-2014,10,6393
28-11-2014,6,6399
29-11-2014,11,6410
30-11-2014,12,6422
01-12-2014,9,6431
02-12-2014,9,6440
03-12-2014,13,6453
04-12-2014,11,6464
05-12-2014,14,6478
06-12-2014,5,6483
07-12-2014,6,6489
08-12-2014,23,6512
09-12-2014,23,6535
10-12-2014,8,6543
11-12-2014,14,6557
12-12-2014,20,6577
13-12-2014,48,6625
14-12-2014,22,6647
15-12-2014,26,6673
16-12-2014,20,6693
17-12-2014,26,6719
18-12-2014,22,6741
19-12-2014,25,6766
20-12-2014,13,6779
21-12-2014,12,6791
22-12-2014,21,6812
23-12-2014,19,6831
24-12-2014,32,6863
25-12-2014,13,6876
26-12-2014,13,6889
27-12-2014,15,6904
28-12-2014,17,6921
29-12-2014,7,6928
30-12-2014,21,6949
31-12-2014,16,6965
01-01-2015,3,6968
02-01-2015,17,6985
03-01-2015,8,6993
04-01-2015,21,7014
05-01-2015,17,7031
06-01-2015,21,7052
07-01-2015,27,7079
08-01-2015,19,7098
09-01-2015,29,7127
10-01-2015,47,7174
11-01-2015,65,7239
12-01-2015,108,7347
13-01-2015,76,7423
14-01-2015,57,7480
15-01-2015,33,7513
16-01-2015,21,7534
17-01-2015,18,7552
18-01-2015,18,7570
19-01-2015,18,7588
20-01-2015,14,7602
21-01-2015,22,7624
22-01-2015,15,7639
23-01-2015,14,7653
24-01-2015,17,7670
25-01-2015,10,7680
26-01-2015,9,7689
27-01-2015,22,7711
28-01-2015,13,7724
29-01-2015,12,7736
30-01-2015,13,7749
31-01-2015,19,7768
01-02-2015,5,7773
02-02-2015,12,7785
03-02-2015,22,7807
04-02-2015,11,7818
05-02-2015,13,7831
06-02-2015,19,7850
07-02-2015,15,7865
08-02-2015,7,7872
09-02-2015,6,7878
10-02-2015,19,7897
11-02-2015,12,7909
12-02-2015,22,7931
13-02-2015,12,7943
14-02-2015,17,7960
15-02-2015,21,7981
16-02-2015,18,7999
17-02-2015,16,8015
18-02-2015,8,8023
19-02-2015,8,8031
20-02-2015,17,8048
21-02-2015,14,8062
22-02-2015,18,8080
23-02-2015,13,8093
24-02-2015,10,8103
25-02-2015,7,8110
26-02-2015,10,8120
27-02-2015,8,8128
28-02-2015,11,8139
01-03-2015,9,8148
02-03-2015,5,8153
03-03-2015,11,8164
04-03-2015,8,8172
05-03-2015,9,8181
06-03-2015,11,8192
07-03-2015,8,8200
08-03-2015,14,8214
09-03-2015,8,8222
10-03-2015,12,8234
11-03-2015,14,8248
12-03-2015,9,8257
13-03-2015,11,8268
14-03-2015,5,8273
15-03-2015,7,8280
16-03-2015,11,8291
17-03-2015,14,8305
18-03-2015,10,8315
19-03-2015,12,8327
20-03-2015,9,8336
21-03-2015,6,8342
22-03-2015,10,8352
23-03-2015,12,8364
24-03-2015,8,8372
25-03-2015,10,8382
26-03-2015,12,8394
27-03-2015,23,8417
28-03-2015,12,8429
29-03-2015,7,8436
30-03-2015,15,8451
31-03-2015,12,8463
01-04-2015,13,8476
02-04-2015,15,8491
03-04-2015,27,8518
04-04-2015,24,8542
05-04-2015,86,8628
06-04-2015,36,8664
07-04-2015,21,8685
08-04-2015,13,8698
09-04-2015,17,8715
10-04-2015,21,8736
11-04-2015,24,8760
12-04-2015,13,8773
13-04-2015,20,8793
14-04-2015,16,8809
15-04-2015,15,8824
16-04-2015,15,8839
17-04-2015,14,8853
18-04-2015,14,8867
19-04-2015,10,8877
20-04-2015,13,8890
21-04-2015,9,8899
22-04-2015,13,8912
23-04-2015,7,8919
24-04-2015,20,8939
25-04-2015,23,8962
26-04-2015,7,8969
27-04-2015,17,8986
28-04-2015,24,9010
29-04-2015,13,9023
30-04-2015,14,9037
01-05-2015,8,9045
02-05-2015,26,9071
03-05-2015,27,9098
04-05-2015,18,9116
05-05-2015,16,9132
06-05-2015,13,9145
07-05-2015,9,9154
08-05-2015,10,9164
09-05-2015,12,9176
10-05-2015,23,9199
11-05-2015,22,9221
12-05-2015,24,9245
13-05-2015,20,9265
14-05-2015,10,9275
15-05-2015,80,9355
16-05-2015,150,9505
17-05-2015,137,9642
18-05-2015,132,9774
19-05-2015,91,9865
20-05-2015,57,9922
21-05-2015,44,9966
22-05-2015,26,9992
23-05-2015,26,10018
24-05-2015,33,10051
25-05-2015,23,10074
26-05-2015,22,10096
27-05-2015,25,10121
28-05-2015,23,10144
29-05-2015,36,10180
30-05-2015,23,10203
31-05-2015,13,10216
01-06-2015,22,10238
02-06-2015,18,10256
03-06-2015,17,10273
04-06-2015,17,10290
05-06-2015,19,10309
06-06-2015,21,10330
07-06-2015,16,10346
08-06-2015,18,10364
09-06-2015,27,10391
10-06-2015,22,10413
11-06-2015,20,10433
12-06-2015,18,10451
13-06-2015,12,10463
14-06-2015,20,10483
15-06-2015,15,10498
16-06-2015,13,10511
17-06-2015,8,10519
18-06-2015,11,10530
19-06-2015,10,10540
20-06-2015,8,10548
21-06-2015,9,10557
22-06-2015,11,10568
23-06-2015,14,10582
24-06-2015,17,10599
25-06-2015,15,10614
26-06-2015,16,10630
27-06-2015,17,10647
28-06-2015,11,10658
29-06-2015,16,10674
30-06-2015,29,10703
01-07-2015,9,10712
02-07-2015,14,10726
03-07-2015,16,10742
04-07-2015,11,10753
05-07-2015,10,10763
06-07-2015,17,10780
07-07-2015,14,10794
08-07-2015,14,10808
09-07-2015,13,10821
10-07-2015,12,10833
11-07-2015,7,10840
12-07-2015,5,10845
13-07-2015,13,10858
14-07-2015,11,10869
15-07-2015,12,10881
16-07-2015,11,10892
17-07-2015,9,10901
18-07-2015,7,10908
19-07-2015,2,10910
20-07-2015,10,10920
21-07-2015,9,10929
22-07-2015,13,10942
23-07-2015,14,10956
24-07-2015,8,10964
25-07-2015,7,10971
26-07-2015,9,10980
27-07-2015,6,10986
28-07-2015,7,10993
29-07-2015,12,11005
30-07-2015,13,11018
31-07-2015,14,11032
01-08-2015,11,11043
02-08-2015,7,11050
03-08-2015,18,11068
04-08-2015,20,11088
05-08-2015,10,11098
06-08-2015,10,11108
07-08-2015,17,11125
08-08-2015,17,11142
09-08-2015,10,11152
10-08-2015,16,11168
11-08-2015,20,11188
12-08-2015,11,11199
13-08-2015,13,11212
14-08-2015,12,11224
15-08-2015,10,11234
16-08-2015,9,11243
17-08-2015,8,11251
18-08-2015,13,11264
19-08-2015,15,11279
20-08-2015,19,11298
21-08-2015,13,11311
22-08-2015,11,11322
23-08-2015,11,11333
24-08-2015,10,11343
25-08-2015,8,11351
26-08-2015,11,11362
27-08-2015,6,11368
28-08-2015,12,11380
29-08-2015,9,11389
30-08-2015,8,11397
31-08-2015,11,11408
01-09-2015,12,11420
02-09-2015,13,11433
03-09-2015,17,11450
04-09-2015,6,11456
05-09-2015,7,11463
06-09-2015,6,11469
07-09-2015,14,11483
08-09-2015,8,11491
09-09-2015,9,11500
10-09-2015,18,11518
11-09-2015,14,11532
12-09-2015,8,11540
13-09-2015,11,11551
14-09-2015,19,11570
15-09-2015,11,11581
16-09-2015,10,11591
17-09-2015,16,11607
18-09-2015,14,11621
19-09-2015,9,11630
20-09-2015,7,11637
21-09-2015,9,11646
22-09-2015,16,11662
23-09-2015,11,11673
24-09-2015,12,11685
25-09-2015,9,11694
26-09-2015,7,11701
27-09-2015,8,11709
28-09-2015,40,11749
29-09-2015,51,11800
30-09-2015,17,11817
01-10-2015,15,11832
02-10-2015,14,11846
03-10-2015,20,11866
04-10-2015,9,11875
05-10-2015,18,11893
06-10-2015,7,11900
07-10-2015,11,11911
08-10-2015,18,11929
09-10-2015,14,11943
10-10-2015,7,11950
11-10-2015,12,11962
12-10-2015,13,11975
13-10-2015,14,11989
14-10-2015,15,12004
15-10-2015,16,12020
16-10-2015,12,12032
17-10-2015,9,12041
18-10-2015,11,12052
19-10-2015,15,12067
20-10-2015,13,12080
21-10-2015,9,12089
22-10-2015,7,12096
23-10-2015,18,12114
24-10-2015,14,12128
25-10-2015,15,12143
26-10-2015,17,12160
27-10-2015,14,12174
28-10-2015,12,12186
29-10-2015,21,12207
30-10-2015,18,12225
31-10-2015,13,12238
01-11-2015,3,12241
02-11-2015,10,12251
03-11-2015,8,12259
04-11-2015,9,12268
05-11-2015,9,12277
06-11-2015,7,12284
07-11-2015,10,12294
08-11-2015,8,12302
09-11-2015,9,12311
10-11-2015,11,12322
11-11-2015,8,12330
12-11-2015,11,12341
13-11-2015,12,12353
14-11-2015,5,12358
15-11-2015,7,12365
16-11-2015,8,12373
17-11-2015,15,12388
18-11-2015,6,12394
19-11-2015,13,12407
20-11-2015,11,12418
21-11-2015,7,12425
22-11-2015,12,12437
23-11-2015,8,12445
24-11-2015,9,12454
25-11-2015,11,12465
26-11-2015,9,12474
27-11-2015,8,12482
28-11-2015,5,12487
29-11-2015,5,12492
30-11-2015,8,12500
01-12-2015,17,12517
02-12-2015,6,12523
03-12-2015,14,12537
04-12-2015,17,12554
05-12-2015,23,12577
06-12-2015,13,12590
07-12-2015,11,12601
08-12-2015,28,12629
09-12-2015,15,12644
10-12-2015,25,12669
11-12-2015,24,12693
12-12-2015,15,12708
13-12-2015,15,12723
14-12-2015,12,12735
15-12-2015,9,12744
16-12-2015,14,12758
17-12-2015,8,12766
18-12-2015,13,12779
19-12-2015,10,12789
20-12-2015,4,12793
21-12-2015,10,12803
22-12-2015,16,12819
23-12-2015,12,12831
24-12-2015,12,12843
25-12-2015,9,12852
26-12-2015,12,12864
27-12-2015,7,12871
28-12-2015,9,12880
29-12-2015,9,12889
30-12-2015,10,12899
31-12-2015,8,12907
01-01-2016,7,12914
02-01-2016,12,12926
03-01-2016,11,12937
04-01-2016,10,12947
05-01-2016,17,12964
06-01-2016,11,12975
07-01-2016,7,12982
08-01-2016,16,12998
09-01-2016,6,13004
10-01-2016,11,13015
11-01-2016,6,13021
12-01-2016,11,13032
13-01-2016,11,13043
14-01-2016,10,13053
15-01-2016,11,13064
16-01-2016,9,13073
17-01-2016,16,13089
18-01-2016,7,13096
19-01-2016,16,13112
20-01-2016,8,13120
21-01-2016,11,13131
22-01-2016,73,13204
23-01-2016,17,13221
24-01-2016,13,13234
25-01-2016,14,13248
26-01-2016,9,13257
27-01-2016,14,13271
28-01-2016,13,13284
29-01-2016,10,13294
30-01-2016,5,13299
31-01-2016,6,13305
01-02-2016,14,13319
02-02-2016,15,13334
03-02-2016,14,13348
04-02-2016,6,13354
05-02-2016,9,13363
06-02-2016,14,13377
07-02-2016,3,13380
08-02-2016,5,13385
09-02-2016,9,13394
10-02-2016,13,13407
11-02-2016,7,13414
12-02-2016,8,13422
13-02-2016,10,13432
14-02-2016,7,13439
15-02-2016,4,13443
16-02-2016,8,13451
17-02-2016,6,13457
18-02-2016,6,13463
19-02-2016,4,13467
20-02-2016,12,13479
21-02-2016,5,13484
22-02-2016,7,13491
23-02-2016,14,13505
24-02-2016,15,13520
25-02-2016,13,13533
26-02-2016,11,13544
27-02-2016,12,13556
28-02-2016,14,13570
29-02-2016,13,13583
01-03-2016,12,13595
02-03-2016,9,13604
03-03-2016,7,13611
04-03-2016,24,13635
05-03-2016,16,13651
06-03-2016,9,13660
07-03-2016,11,13671
08-03-2016,11,13682
09-03-2016,10,13692
10-03-2016,14,13706
11-03-2016,14,13720
12-03-2016,9,13729
13-03-2016,12,13741
14-03-2016,19,13760
15-03-2016,14,13774
16-03-2016,28,13802
17-03-2016,16,13818
18-03-2016,30,13848
19-03-2016,28,13876
20-03-2016,22,13898
21-03-2016,26,13924
22-03-2016,37,13961
23-03-2016,19,13980
24-03-2016,25,14005
25-03-2016,18,14023
26-03-2016,19,14042
27-03-2016,23,14065
28-03-2016,13,14078
29-03-2016,26,14104
30-03-2016,15,14119
31-03-2016,11,14130
01-04-2016,8,14138
02-04-2016,12,14150
03-04-2016,17,14167
04-04-2016,8,14175
05-04-2016,16,14191
06-04-2016,11,14202
07-04-2016,4,14206
08-04-2016,15,14221
09-04-2016,5,14226
10-04-2016,12,14238
11-04-2016,11,14249
12-04-2016,12,14261
13-04-2016,14,14275
14-04-2016,11,14286
15-04-2016,18,14304
16-04-2016,13,14317
17-04-2016,11,14328
18-04-2016,15,14343
19-04-2016,15,14358
20-04-2016,14,14372
21-04-2016,13,14385
22-04-2016,9,14394
23-04-2016,7,14401
24-04-2016,12,14413
25-04-2016,15,14428
26-04-2016,16,14444
27-04-2016,30,14474
28-04-2016,16,14490
29-04-2016,16,14506
30-04-2016,12,14518
01-05-2016,11,14529
02-05-2016,16,14545
03-05-2016,14,14559
04-05-2016,20,14579
05-05-2016,13,14592
06-05-2016,6,14598
07-05-2016,7,14605
08-05-2016,3,14608
09-05-2016,11,14619
10-05-2016,18,14637
11-05-2016,10,14647
12-05-2016,18,14665
13-05-2016,13,14678
14-05-2016,8,14686
15-05-2016,14,14700
16-05-2016,23,14723
17-05-2016,23,14746
18-05-2016,13,14759
19-05-2016,11,14770
20-05-2016,8,14778
21-05-2016,12,14790
22-05-2016,9,14799
23-05-2016,9,14808
24-05-2016,8,14816
25-05-2016,14,14830
26-05-2016,18,14848
27-05-2016,22,14870
28-05-2016,12,14882
29-05-2016,13,14895
30-05-2016,9,14904
31-05-2016,15,14919
01-06-2016,10,14929
02-06-2016,20,14949
03-06-2016,13,14962
04-06-2016,9,14971
05-06-2016,11,14982
06-06-2016,13,14995
07-06-2016,6,15001
08-06-2016,10,15011
09-06-2016,13,15024
10-06-2016,8,15032
11-06-2016,6,15038
12-06-2016,12,15050
13-06-2016,22,15072
14-06-2016,16,15088
15-06-2016,20,15108
16-06-2016,15,15123
17-06-2016,12,15135
18-06-2016,9,15144
19-06-2016,13,15157
20-06-2016,11,15168
21-06-2016,10,15178
22-06-2016,12,15190
23-06-2016,13,15203
24-06-2016,14,15217
25-06-2016,11,15228
26-06-2016,8,15236
27-06-2016,4,15240
28-06-2016,5,15245
29-06-2016,17,15262
30-06-2016,11,15273
01-07-2016,13,15286
02-07-2016,14,15300
03-07-2016,13,15313
04-07-2016,11,15324
05-07-2016,16,15340
06-07-2016,16,15356
07-07-2016,12,15368
08-07-2016,12,15380
09-07-2016,7,15387
10-07-2016,8,15395
11-07-2016,6,15401
12-07-2016,16,15417
13-07-2016,31,15448
14-07-2016,17,15465
15-07-2016,16,15481
16-07-2016,9,15490
17-07-2016,11,15501
18-07-2016,16,15517
19-07-2016,13,15530
20-07-2016,7,15537
21-07-2016,17,15554
22-07-2016,10,15564
23-07-2016,9,15573
24-07-2016,8,15581
25-07-2016,17,15598
26-07-2016,11,15609
27-07-2016,19,15628
28-07-2016,10,15638
29-07-2016,12,15650
30-07-2016,5,15655
31-07-2016,7,15662
01-08-2016,11,15673
02-08-2016,9,15682
03-08-2016,24,15706
04-08-2016,10,15716
05-08-2016,21,15737
06-08-2016,10,15747
07-08-2016,10,15757
08-08-2016,23,15780
09-08-2016,18,15798
10-08-2016,15,15813
11-08-2016,20,15833
12-08-2016,17,15850
13-08-2016,8,15858
14-08-2016,14,15872
15-08-2016,10,15882
16-08-2016,9,15891
17-08-2016,17,15908
18-08-2016,9,15917
19-08-2016,23,15940
20-08-2016,6,15946
21-08-2016,14,15960
22-08-2016,9,15969
23-08-2016,12,15981
24-08-2016,11,15992
25-08-2016,11,16003
26-08-2016,11,16014
27-08-2016,11,16025
28-08-2016,8,16033
29-08-2016,13,16046
30-08-2016,12,16058
31-08-2016,12,16070
01-09-2016,13,16083
02-09-2016,12,16095
03-09-2016,6,16101
04-09-2016,4,16105
05-09-2016,11,16116
06-09-2016,5,16121
07-09-2016,9,16130
08-09-2016,9,16139
09-09-2016,16,16155
10-09-2016,6,16161
11-09-2016,12,16173
12-09-2016,10,16183
13-09-2016,17,16200
14-09-2016,17,16217
15-09-2016,13,16230
16-09-2016,11,16241
17-09-2016,4,16245
18-09-2016,8,16253
19-09-2016,14,16267
20-09-2016,18,16285
21-09-2016,13,16298
22-09-2016,10,16308
23-09-2016,11,16319
24-09-2016,10,16329
25-09-2016,7,16336
26-09-2016,14,16350
27-09-2016,14,16364
28-09-2016,8,16372
29-09-2016,13,16385
30-09-2016,10,16395
01-10-2016,12,16407
02-10-2016,13,16420
03-10-2016,15,16435
04-10-2016,10,16445
05-10-2016,12,16457
06-10-2016,6,16463
07-10-2016,4,16467
08-10-2016,8,16475
09-10-2016,8,16483
10-10-2016,15,16498
11-10-2016,6,16504
12-10-2016,12,16516
13-10-2016,17,16533
14-10-2016,13,16546
15-10-2016,10,16556
16-10-2016,14,16570
17-10-2016,11,16581
18-10-2016,8,16589
19-10-2016,11,16600
20-10-2016,21,16621
21-10-2016,14,16635
22-10-2016,19,16654
23-10-2016,9,16663
24-10-2016,10,16673
25-10-2016,21,16694
26-10-2016,16,16710
27-10-2016,16,16726
28-10-2016,17,16743
29-10-2016,13,16756
30-10-2016,12,16768
31-10-2016,12,16780
01-11-2016,16,16796
02-11-2016,13,16809
03-11-2016,13,16822
04-11-2016,8,16830
05-11-2016,10,16840
06-11-2016,12,16852
07-11-2016,17,16869
08-11-2016,14,16883
09-11-2016,12,16895
10-11-2016,5,16900
11-11-2016,11,16911
12-11-2016,7,16918
13-11-2016,6,16924
14-11-2016,5,16929
15-11-2016,10,16939
16-11-2016,10,16949
17-11-2016,21,16970
18-11-2016,9,16979
19-11-2016,9,16988
20-11-2016,11,16999
21-11-2016,14,17013
22-11-2016,10,17023
23-11-2016,11,17034
24-11-2016,15,17049
25-11-2016,15,17064
26-11-2016,5,17069
27-11-2016,7,17076
28-11-2016,4,17080
29-11-2016,16,17096
30-11-2016,9,17105
01-12-2016,13,17118
02-12-2016,13,17131
03-12-2016,16,17147
04-12-2016,22,17169
05-12-2016,17,17186
06-12-2016,17,17203
07-12-2016,9,17212
08-12-2016,14,17226
09-12-2016,15,17241
10-12-2016,13,17254
11-12-2016,16,17270
12-12-2016,12,17282
13-12-2016,9,17291
14-12-2016,28,17319
15-12-2016,21,17340
16-12-2016,15,17355
17-12-2016,13,17368
18-12-2016,6,17374
19-12-2016,10,17384
20-12-2016,16,17400
21-12-2016,14,17414
22-12-2016,14,17428
23-12-2016,17,17445
24-12-2016,10,17455
25-12-2016,11,17466
26-12-2016,9,17475
27-12-2016,13,17488
28-12-2016,17,17505
29-12-2016,19,17524
30-12-2016,9,17533
31-12-2016,12,17545
01-01-2017,9,17554
02-01-2017,16,17570
03-01-2017,89,17659
04-01-2017,29,17688
05-01-2017,16,17704
06-01-2017,19,17723
07-01-2017,18,17741
08-01-2017,20,17761
09-01-2017,9,17770
10-01-2017,27,17797
11-01-2017,18,17815
12-01-2017,18,17833
13-01-2017,17,17850
14-01-2017,14,17864
15-01-2017,5,17869
16-01-2017,12,17881
17-01-2017,14,17895
18-01-2017,28,17923
19-01-2017,19,17942
20-01-2017,19,17961
21-01-2017,18,17979
22-01-2017,17,17996
23-01-2017,8,18004
24-01-2017,7,18011
25-01-2017,10,18021
26-01-2017,16,18037
27-01-2017,12,18049
28-01-2017,9,18058
29-01-2017,14,18072
30-01-2017,9,18081
31-01-2017,10,18091
01-02-2017,12,18103
02-02-2017,11,18114
03-02-2017,16,18130
04-02-2017,13,18143
05-02-2017,5,18148
06-02-2017,14,18162
07-02-2017,17,18179
08-02-2017,22,18201
09-02-2017,19,18220
10-02-2017,13,18233
11-02-2017,14,18247
12-02-2017,22,18269
13-02-2017,15,18284
14-02-2017,14,18298
15-02-2017,15,18313
16-02-2017,22,18335
17-02-2017,17,18352
18-02-2017,18,18370
19-02-2017,11,18381
20-02-2017,14,18395
21-02-2017,16,18411
22-02-2017,19,18430
23-02-2017,11,18441
24-02-2017,11,18452
25-02-2017,11,18463
26-02-2017,9,18472
27-02-2017,18,18490
28-02-2017,17,18507
01-03-2017,21,18528
02-03-2017,6,18534
03-03-2017,18,18552
04-03-2017,16,18568
05-03-2017,9,18577
06-03-2017,9,18586
07-03-2017,19,18605
08-03-2017,9,18614
09-03-2017,11,18625
10-03-2017,9,18634
11-03-2017,9,18643
12-03-2017,6,18649
13-03-2017,10,18659
14-03-2017,16,18675
15-03-2017,10,18685
16-03-2017,18,18703
17-03-2017,18,18721
18-03-2017,14,18735
19-03-2017,8,18743
20-03-2017,19,18762
21-03-2017,22,18784
22-03-2017,21,18805
23-03-2017,19,18824
24-03-2017,23,18847
25-03-2017,20,18867
26-03-2017,19,18886
27-03-2017,15,18901
28-03-2017,17,18918
29-03-2017,12,18930
30-03-2017,19,18949
31-03-2017,17,18966
01-04-2017,15,18981
02-04-2017,18,18999
03-04-2017,15,19014
04-04-2017,11,19025
05-04-2017,21,19046
06-04-2017,12,19058
07-04-2017,13,19071
08-04-2017,10,19081
09-04-2017,12,19093
10-04-2017,7,19100
11-04-2017,9,19109
12-04-2017,20,19129
13-04-2017,18,19147
14-04-2017,17,19164
15-04-2017,12,19176
16-04-2017,11,19187
17-04-2017,15,19202
18-04-2017,19,19221
19-04-2017,14,19235
20-04-2017,20,19255
21-04-2017,16,19271
22-04-2017,11,19282
23-04-2017,17,19299
24-04-2017,17,19316
25-04-2017,18,19334
26-04-2017,16,19350
27-04-2017,18,19368
28-04-2017,26,19394
29-04-2017,11,19405
30-04-2017,11,19416
01-05-2017,10,19426
02-05-2017,21,19447
03-05-2017,10,19457
04-05-2017,15,19472
05-05-2017,19,19491
06-05-2017,13,19504
07-05-2017,8,19512
08-05-2017,12,19524
09-05-2017,18,19542
10-05-2017,16,19558
11-05-2017,15,19573
12-05-2017,18,19591
13-05-2017,12,19603
14-05-2017,12,19615
15-05-2017,17,19632
16-05-2017,24,19656
17-05-2017,12,19668
18-05-2017,16,19684
19-05-2017,15,19699
20-05-2017,12,19711
21-05-2017,8,19719
22-05-2017,11,19730
23-05-2017,12,19742
24-05-2017,7,19749
25-05-2017,10,19759
26-05-2017,11,19770
27-05-2017,10,19780
28-05-2017,7,19787
29-05-2017,15,19802
30-05-2017,11,19813
31-05-2017,10,19823
01-06-2017,18,19841
02-06-2017,15,19856
03-06-2017,8,19864
04-06-2017,16,19880
05-06-2017,19,19899
06-06-2017,9,19908
07-06-2017,12,19920
08-06-2017,12,19932
09-06-2017,10,19942
10-06-2017,9,19951
11-06-2017,8,19959
12-06-2017,12,19971
13-06-2017,16,19987
14-06-2017,20,20007
15-06-2017,16,20023
16-06-2017,18,20041
17-06-2017,12,20053
18-06-2017,14,20067
19-06-2017,12,20079
20-06-2017,16,20095
21-06-2017,16,20111
22-06-2017,9,20120
23-06-2017,14,20134
24-06-2017,9,20143
25-06-2017,8,20151
26-06-2017,8,20159
27-06-2017,13,20172
28-06-2017,9,20181
29-06-2017,11,20192
30-06-2017,16,20208
01-07-2017,11,20219
02-07-2017,12,20231
03-07-2017,14,20245
04-07-2017,20,20265
05-07-2017,11,20276
06-07-2017,17,20293
07-07-2017,10,20303
08-07-2017,10,20313
09-07-2017,8,20321
10-07-2017,12,20333
11-07-2017,7,20340
12-07-2017,18,20358
13-07-2017,18,20376
14-07-2017,4,20380
15-07-2017,9,20389
16-07-2017,12,20401
17-07-2017,17,20418
18-07-2017,26,20444
19-07-2017,11,20455
20-07-2017,20,20475
21-07-2017,23,20498
22-07-2017,6,20504
23-07-2017,17,20521
24-07-2017,19,20540
25-07-2017,15,20555
26-07-2017,14,20569
27-07-2017,8,20577
28-07-2017,11,20588
29-07-2017,9,20597
30-07-2017,8,20605
31-07-2017,9,20614
01-08-2017,15,20629
02-08-2017,13,20642
03-08-2017,15,20657
04-08-2017,16,20673
05-08-2017,15,20688
06-08-2017,10,20698
07-08-2017,12,20710
08-08-2017,19,20729
09-08-2017,22,20751
10-08-2017,8,20759
11-08-2017,13,20772
12-08-2017,8,20780
13-08-2017,5,20785
14-08-2017,10,20795
15-08-2017,10,20805
16-08-2017,13,20818
17-08-2017,11,20829
18-08-2017,8,20837
19-08-2017,3,20840
20-08-2017,13,20853
21-08-2017,10,20863
22-08-2017,16,20879
23-08-2017,12,20891
24-08-2017,14,20905
25-08-2017,8,20913
26-08-2017,8,20921
27-08-2017,7,20928
28-08-2017,10,20938
29-08-2017,29,20967
30-08-2017,19,20986
31-08-2017,19,21005
01-09-2017,20,21025
02-09-2017,13,21038
03-09-2017,16,21054
04-09-2017,13,21067
05-09-2017,18,21085
06-09-2017,12,21097
07-09-2017,14,21111
08-09-2017,16,21127
09-09-2017,11,21138
10-09-2017,11,21149
11-09-2017,9,21158
12-09-2017,6,21164
13-09-2017,16,21180
14-09-2017,13,21193
15-09-2017,9,21202
16-09-2017,8,21210
17-09-2017,12,21222
18-09-2017,18,21240
19-09-2017,5,21245
20-09-2017,12,21257
21-09-2017,7,21264
22-09-2017,14,21278
23-09-2017,6,21284
24-09-2017,9,21293
25-09-2017,10,21303
26-09-2017,21,21324
27-09-2017,21,21345
28-09-2017,15,21360
29-09-2017,17,21377
30-09-2017,16,21393
01-10-2017,13,21406
02-10-2017,16,21422
03-10-2017,17,21439
04-10-2017,23,21462
05-10-2017,16,21478
06-10-2017,12,21490
07-10-2017,8,21498
08-10-2017,12,21510
09-10-2017,16,21526
10-10-2017,12,21538
11-10-2017,17,21555
12-10-2017,33,21588
13-10-2017,39,21627
14-10-2017,17,21644
15-10-2017,16,21660
16-10-2017,19,21679
17-10-2017,27,21706
18-10-2017,17,21723
19-10-2017,18,21741
20-10-2017,24,21765
21-10-2017,12,21777
22-10-2017,15,21792
23-10-2017,25,21817
24-10-2017,18,21835
25-10-2017,23,21858
26-10-2017,20,21878
27-10-2017,21,21899
28-10-2017,11,21910
29-10-2017,20,21930
30-10-2017,24,21954
31-10-2017,13,21967
01-11-2017,29,21996
02-11-2017,18,22014
03-11-2017,16,22030
04-11-2017,9,22039
05-11-2017,21,22060
06-11-2017,16,22076
07-11-2017,21,22097
08-11-2017,20,22117
09-11-2017,16,22133
10-11-2017,15,22148
11-11-2017,15,22163
12-11-2017,15,22178
13-11-2017,16,22194
14-11-2017,22,22216
15-11-2017,29,22245
16-11-2017,30,22275
17-11-2017,28,22303
18-11-2017,23,22326
19-11-2017,22,22348
20-11-2017,28,22376
21-11-2017,30,22406
22-11-2017,28,22434
23-11-2017,29,22463
24-11-2017,22,22485
25-11-2017,18,22503
26-11-2017,19,22522
27-11-2017,27,22549
28-11-2017,31,22580
29-11-2017,30,22610
30-11-2017,21,22631
01-12-2017,25,22656
02-12-2017,21,22677
03-12-2017,19,22696
04-12-2017,20,22716
05-12-2017,21,22737
06-12-2017,26,22763
07-12-2017,16,22779
08-12-2017,19,22798
09-12-2017,18,22816
10-12-2017,15,22831
11-12-2017,11,22842
12-12-2017,23,22865
13-12-2017,24,22889
14-12-2017,27,22916
15-12-2017,18,22934
16-12-2017,17,22951
17-12-2017,8,22959
18-12-2017,17,22976
19-12-2017,16,22992
20-12-2017,17,23009
21-12-2017,15,23024
22-12-2017,17,23041
23-12-2017,9,23050
24-12-2017,15,23065
25-12-2017,18,23083
26-12-2017,14,23097
27-12-2017,28,23125
28-12-2017,16,23141
29-12-2017,24,23165
30-12-2017,19,23184
31-12-2017,9,23193
01-01-2018,9,23202
02-01-2018,18,23220
03-01-2018,23,23243
04-01-2018,22,23265
05-01-2018,31,23296
06-01-2018,26,23322
07-01-2018,15,23337
08-01-2018,19,23356
09-01-2018,21,23377
10-01-2018,17,23394
11-01-2018,18,23412
12-01-2018,16,23428
13-01-2018,13,23441
14-01-2018,23,23464
15-01-2018,18,23482
16-01-2018,22,23504
17-01-2018,15,23519
18-01-2018,22,23541
19-01-2018,16,23557
20-01-2018,23,23580
21-01-2018,13,23593
22-01-2018,21,23614
23-01-2018,21,23635
24-01-2018,15,23650
25-01-2018,29,23679
26-01-2018,22,23701
27-01-2018,26,23727
28-01-2018,17,23744
29-01-2018,26,23770
30-01-2018,18,23788
31-01-2018,25,23813
01-02-2018,21,23834
02-02-2018,22,23856
03-02-2018,12,23868
04-02-2018,19,23887
05-02-2018,17,23904
06-02-2018,21,23925
07-02-2018,26,23951
08-02-2018,14,23965
09-02-2018,16,23981
10-02-2018,13,23994
11-02-2018,13,24007
12-02-2018,11,24018
13-02-2018,13,24031
14-02-2018,17,24048
15-02-2018,20,24068
16-02-2018,21,24089
17-02-2018,16,24105
18-02-2018,16,24121
19-02-2018,14,24135
20-02-2018,17,24152
21-02-2018,15,24167
22-02-2018,23,24190
23-02-2018,19,24209
24-02-2018,9,24218
25-02-2018,15,24233
26-02-2018,27,24260
27-02-2018,19,24279
28-02-2018,12,24291
01-03-2018,24,24315
02-03-2018,11,24326
03-03-2018,19,24345
04-03-2018,14,24359
05-03-2018,14,24373
06-03-2018,21,24394
07-03-2018,29,24423
08-03-2018,20,24443
09-03-2018,24,24467
10-03-2018,12,24479
11-03-2018,14,24493
12-03-2018,14,24507
13-03-2018,30,24537
14-03-2018,35,24572
15-03-2018,24,24596
16-03-2018,21,24617
17-03-2018,21,24638
18-03-2018,18,24656
19-03-2018,20,24676
20-03-2018,32,24708
21-03-2018,21,24729
22-03-2018,20,24749
23-03-2018,25,24774
24-03-2018,17,24791
25-03-2018,17,24808
26-03-2018,22,24830
27-03-2018,21,24851
28-03-2018,22,24873
29-03-2018,26,24899
30-03-2018,23,24922
31-03-2018,10,24932
01-04-2018,18,24950
02-04-2018,16,24966
03-04-2018,25,24991
04-04-2018,25,25016
05-04-2018,18,25034
06-04-2018,20,25054
07-04-2018,17,25071
08-04-2018,17,25088
09-04-2018,24,25112
10-04-2018,27,25139
11-04-2018,17,25156
12-04-2018,22,25178
13-04-2018,22,25200
14-04-2018,20,25220
15-04-2018,11,25231
16-04-2018,23,25254
17-04-2018,20,25274
18-04-2018,27,25301
19-04-2018,12,25313
20-04-2018,13,25326
21-04-2018,8,25334
22-04-2018,10,25344
23-04-2018,17,25361
24-04-2018,24,25385
25-04-2018,46,25431
26-04-2018,23,25454
27-04-2018,15,25469
28-04-2018,20,25489
29-04-2018,12,25501
30-04-2018,10,25511
01-05-2018,22,25533
02-05-2018,21,25554
03-05-2018,24,25578
04-05-2018,25,25603
05-05-2018,6,25609
06-05-2018,8,25617
07-05-2018,11,25628
08-05-2018,20,25648
09-05-2018,21,25669
10-05-2018,20,25689
11-05-2018,22,25711
12-05-2018,13,25724
13-05-2018,11,25735
14-05-2018,25,25760
15-05-2018,16,25776
16-05-2018,20,25796
17-05-2018,27,25823
18-05-2018,27,25850
19-05-2018,13,25863
20-05-2018,15,25878
21-05-2018,15,25893
22-05-2018,17,25910
23-05-2018,19,25929
24-05-2018,22,25951
25-05-2018,15,25966
26-05-2018,9,25975
27-05-2018,17,25992
28-05-2018,14,26006
29-05-2018,18,26024
30-05-2018,21,26045
31-05-2018,15,26060
01-06-2018,22,26082
02-06-2018,11,26093
03-06-2018,13,26106
04-06-2018,23,26129
05-06-2018,25,26154
06-06-2018,13,26167
07-06-2018,33,26200
08-06-2018,23,26223
09-06-2018,18,26241
10-06-2018,9,26250
11-06-2018,25,26275
12-06-2018,19,26294
13-06-2018,18,26312
14-06-2018,17,26329
15-06-2018,22,26351
16-06-2018,16,26367
17-06-2018,14,26381
18-06-2018,15,26396
19-06-2018,20,26416
20-06-2018,17,26433
21-06-2018,17,26450
22-06-2018,32,26482
23-06-2018,17,26499
24-06-2018,21,26520
25-06-2018,23,26543
26-06-2018,15,26558
27-06-2018,24,26582
28-06-2018,24,26606
29-06-2018,17,26623
30-06-2018,15,26638
01-07-2018,12,26650
02-07-2018,11,26661
03-07-2018,10,26671
04-07-2018,23,26694
05-07-2018,18,26712
06-07-2018,16,26728
07-07-2018,20,26748
08-07-2018,25,26773
09-07-2018,31,26804
10-07-2018,19,26823
11-07-2018,19,26842
12-07-2018,26,26868
13-07-2018,25,26893
14-07-2018,14,26907
15-07-2018,21,26928
16-07-2018,23,26951
17-07-2018,21,26972
18-07-2018,25,26997
19-07-2018,14,27011
20-07-2018,24,27035
21-07-2018,10,27045
22-07-2018,16,27061
23-07-2018,23,27084
24-07-2018,26,27110
25-07-2018,37,27147
26-07-2018,22,27169
27-07-2018,20,27189
28-07-2018,19,27208
29-07-2018,14,27222
30-07-2018,21,27243
31-07-2018,29,27272
01-08-2018,25,27297
02-08-2018,26,27323
03-08-2018,14,27337
04-08-2018,15,27352
05-08-2018,15,27367
06-08-2018,25,27392
07-08-2018,24,27416
08-08-2018,18,27434
09-08-2018,16,27450
10-08-2018,20,27470
11-08-2018,13,27483
12-08-2018,15,27498
13-08-2018,11,27509
14-08-2018,19,27528
15-08-2018,20,27548
16-08-2018,25,27573
17-08-2018,23,27596
18-08-2018,21,27617
19-08-2018,18,27635
20-08-2018,24,27659
21-08-2018,23,27682
22-08-2018,19,27701
23-08-2018,26,27727
24-08-2018,18,27745
25-08-2018,16,27761
26-08-2018,24,27785
27-08-2018,31,27816
28-08-2018,17,27833
29-08-2018,25,27858
30-08-2018,17,27875
31-08-2018,18,27893
01-09-2018,15,27908
02-09-2018,23,27931
03-09-2018,25,27956
04-09-2018,22,27978
05-09-2018,20,27998
06-09-2018,21,28019
07-09-2018,24,28043
08-09-2018,14,28057
09-09-2018,13,28070
10-09-2018,24,28094
11-09-2018,24,28118
12-09-2018,22,28140
13-09-2018,16,28156
14-09-2018,24,28180
15-09-2018,17,28197
16-09-2018,16,28213
17-09-2018,24,28237
18-09-2018,24,28261
19-09-2018,23,28284
20-09-2018,16,28300
21-09-2018,19,28319
22-09-2018,16,28335
23-09-2018,16,28351
24-09-2018,16,28367
25-09-2018,17,28384
26-09-2018,28,28412
27-09-2018,12,28424
28-09-2018,12,28436
29-09-2018,16,28452
30-09-2018,11,28463
01-10-2018,13,28476
02-10-2018,20,28496
03-10-2018,18,28514
04-10-2018,21,28535
05-10-2018,17,28552
06-10-2018,6,28558
07-10-2018,12,28570
08-10-2018,13,28583
09-10-2018,25,28608
10-10-2018,15,28623
11-10-2018,17,28640
12-10-2018,18,28658
13-10-2018,14,28672
14-10-2018,12,28684
15-10-2018,14,28698
16-10-2018,14,28712
17-10-2018,14,28726
18-10-2018,22,28748
19-10-2018,17,28765
20-10-2018,17,28782
21-10-2018,13,28795
22-10-2018,14,28809
23-10-2018,16,28825
24-10-2018,20,28845
25-10-2018,16,28861
26-10-2018,31,28892
27-10-2018,21,28913
28-10-2018,18,28931
29-10-2018,23,28954
30-10-2018,23,28977
31-10-2018,27,29004
01-11-2018,20,29024
02-11-2018,13,29037
03-11-2018,14,29051
04-11-2018,16,29067
05-11-2018,21,29088
06-11-2018,17,29105
07-11-2018,27,29132
08-11-2018,24,29156
09-11-2018,19,29175
10-11-2018,19,29194
11-11-2018,17,29211
12-11-2018,34,29245
13-11-2018,27,29272
14-11-2018,20,29292
15-11-2018,22,29314
16-11-2018,23,29337
17-11-2018,11,29348
18-11-2018,14,29362
19-11-2018,26,29388
20-11-2018,25,29413
21-11-2018,26,29439
22-11-2018,25,29464
23-11-2018,24,29488
24-11-2018,15,29503
25-11-2018,16,29519
26-11-2018,20,29539
27-11-2018,35,29574
28-11-2018,26,29600
29-11-2018,34,29634
30-11-2018,25,29659
01-12-2018,27,29686
02-12-2018,14,29700
03-12-2018,30,29730
04-12-2018,38,29768
05-12-2018,26,29794
06-12-2018,34,29828
07-12-2018,32,29860
08-12-2018,17,29877
09-12-2018,14,29891
10-12-2018,24,29915
11-12-2018,26,29941
12-12-2018,16,29957
13-12-2018,25,29982
14-12-2018,16,29998
15-12-2018,27,30025
16-12-2018,16,30041
17-12-2018,35,30076
18-12-2018,16,30092
19-12-2018,18,30110
20-12-2018,16,30126
21-12-2018,17,30143
22-12-2018,10,30153
23-12-2018,15,30168
24-12-2018,14,30182
25-12-2018,14,30196
26-12-2018,19,30215
27-12-2018,27,30242
28-12-2018,19,30261
29-12-2018,19,30280
30-12-2018,22,30302
31-12-2018,22,30324
01-01-2019,19,30343
02-01-2019,23,30366
03-01-2019,18,30384
04-01-2019,19,30403
05-01-2019,20,30423
06-01-2019,21,30444
07-01-2019,28,30472
08-01-2019,29,30501
09-01-2019,27,30528
10-01-2019,26,30554
11-01-2019,27,30581
12-01-2019,19,30600
13-01-2019,17,30617
14-01-2019,22,30639
15-01-2019,24,30663
16-01-2019,34,30697
17-01-2019,43,30740
18-01-2019,37,30777
19-01-2019,26,30803
20-01-2019,28,30831
21-01-2019,29,30860
22-01-2019,32,30892
23-01-2019,38,30930
24-01-2019,40,30970
25-01-2019,26,30996
26-01-2019,33,31029
27-01-2019,28,31057
28-01-2019,45,31102
29-01-2019,33,31135
30-01-2019,35,31170
31-01-2019,26,31196
01-02-2019,22,31218
02-02-2019,10,31228
03-02-2019,14,31242
04-02-2019,20,31262
05-02-2019,22,31284
06-02-2019,14,31298
07-02-2019,15,31313
08-02-2019,14,31327
09-02-2019,11,31338
10-02-2019,14,31352
11-02-2019,25,31377
12-02-2019,23,31400
13-02-2019,24,31424
14-02-2019,16,31440
15-02-2019,16,31456
16-02-2019,16,31472
17-02-2019,16,31488
18-02-2019,17,31505
19-02-2019,30,31535
20-02-2019,20,31555
21-02-2019,20,31575
22-02-2019,17,31592
23-02-2019,25,31617
24-02-2019,24,31641
25-02-2019,15,31656
26-02-2019,20,31676
27-02-2019,23,31699
28-02-2019,26,31725
01-03-2019,17,31742
02-03-2019,17,31759
03-03-2019,11,31770
04-03-2019,26,31796
05-03-2019,21,31817
06-03-2019,35,31852
07-03-2019,24,31876
08-03-2019,29,31905
09-03-2019,21,31926
10-03-2019,18,31944
11-03-2019,28,31972
12-03-2019,20,31992
13-03-2019,22,32014
14-03-2019,29,32043
15-03-2019,14,32057
16-03-2019,15,32072
17-03-2019,13,32085
18-03-2019,26,32111
19-03-2019,25,32136
20-03-2019,19,32155
21-03-2019,13,32168
22-03-2019,15,32183
23-03-2019,14,32197
24-03-2019,15,32212
25-03-2019,24,32236
26-03-2019,17,32253
27-03-2019,32,32285
28-03-2019,26,32311
29-03-2019,27,32338
30-03-2019,18,32356
31-03-2019,23,32379
01-04-2019,22,32401
02-04-2019,25,32426
03-04-2019,28,32454
04-04-2019,30,32484
05-04-2019,23,32507
06-04-2019,25,32532
07-04-2019,33,32565
08-04-2019,27,32592
09-04-2019,27,32619
10-04-2019,30,32649
11-04-2019,36,32685
12-04-2019,44,32729
13-04-2019,48,32777
14-04-2019,30,32807
15-04-2019,29,32836
16-04-2019,30,32866
17-04-2019,25,32891
18-04-2019,34,32925
19-04-2019,25,32950
20-04-2019,24,32974
21-04-2019,16,32990
22-04-2019,17,33007
23-04-2019,27,33034
24-04-2019,30,33064
25-04-2019,38,33102
26-04-2019,39,33141
27-04-2019,19,33160
28-04-2019,30,33190
29-04-2019,22,33212
30-04-2019,23,33235
01-05-2019,22,33257
02-05-2019,14,33271
03-05-2019,8,33279
04-05-2019,21,33300
05-05-2019,19,33319
06-05-2019,19,33338
07-05-2019,20,33358
08-05-2019,11,33369
09-05-2019,27,33396
10-05-2019,25,33421
11-05-2019,17,33438
12-05-2019,15,33453
13-05-2019,25,33478
14-05-2019,27,33505
15-05-2019,28,33533
16-05-2019,25,33558
17-05-2019,30,33588
18-05-2019,17,33605
19-05-2019,19,33624
20-05-2019,15,33639
21-05-2019,39,33678
22-05-2019,22,33700
23-05-2019,21,33721
24-05-2019,28,33749
25-05-2019,26,33775
26-05-2019,16,33791
27-05-2019,20,33811
28-05-2019,21,33832
29-05-2019,22,33854
30-05-2019,15,33869
31-05-2019,25,33894
01-06-2019,22,33916
02-06-2019,16,33932
03-06-2019,25,33957
04-06-2019,19,33976
05-06-2019,20,33996
06-06-2019,16,34012
07-06-2019,16,34028
08-06-2019,10,34038
09-06-2019,9,34047
10-06-2019,14,34061
11-06-2019,20,34081
12-06-2019,12,34093
13-06-2019,15,34108
14-06-2019,20,34128
15-06-2019,11,34139
16-06-2019,16,34155
17-06-2019,20,34175
18-06-2019,21,34196
19-06-2019,37,34233
20-06-2019,30,34263
21-06-2019,26,34289
22-06-2019,26,34315
23-06-2019,27,34342
24-06-2019,27,34369
25-06-2019,23,34392
26-06-2019,25,34417
27-06-2019,28,34445
28-06-2019,26,34471
29-06-2019,18,34489
30-06-2019,19,34508
01-07-2019,17,34525
02-07-2019,24,34549
03-07-2019,30,34579
04-07-2019,32,34611
05-07-2019,21,34632
06-07-2019,14,34646
07-07-2019,19,34665
08-07-2019,17,34682
09-07-2019,16,34698
10-07-2019,19,34717
11-07-2019,18,34735
12-07-2019,19,34754
13-07-2019,13,34767
14-07-2019,21,34788
15-07-2019,20,34808
16-07-2019,30,34838
17-07-2019,31,34869
18-07-2019,36,34905
19-07-2019,40,34945
20-07-2019,29,34974
21-07-2019,26,35000
22-07-2019,84,35084
23-07-2019,42,35126
24-07-2019,57,35183
25-07-2019,43,35226
26-07-2019,37,35263
27-07-2019,27,35290
28-07-2019,22,35312
29-07-2019,26,35338
30-07-2019,29,35367
31-07-2019,30,35397
01-08-2019,23,35420
02-08-2019,17,35437
03-08-2019,17,35454
04-08-2019,21,35475
05-08-2019,23,35498
06-08-2019,28,35526
07-08-2019,25,35551
08-08-2019,27,35578
09-08-2019,16,35594
10-08-2019,17,35611
11-08-2019,24,35635
12-08-2019,30,35665
13-08-2019,28,35693
14-08-2019,30,35723
15-08-2019,32,35755
16-08-2019,25,35780
17-08-2019,19,35799
18-08-2019,21,35820
19-08-2019,21,35841
20-08-2019,22,35863
21-08-2019,37,35900
22-08-2019,21,35921
23-08-2019,27,35948
24-08-2019,23,35971
25-08-2019,14,35985
26-08-2019,26,36011
27-08-2019,33,36044
28-08-2019,22,36066
29-08-2019,25,36091
30-08-2019,31,36122
31-08-2019,20,36142
01-09-2019,23,36165
02-09-2019,23,36188
03-09-2019,24,36212
04-09-2019,23,36235
05-09-2019,23,36258
06-09-2019,25,36283
07-09-2019,17,36300
08-09-2019,14,36314
09-09-2019,29,36343
10-09-2019,21,36364
11-09-2019,21,36385
12-09-2019,21,36406
13-09-2019,20,36426
14-09-2019,13,36439
15-09-2019,11,36450
16-09-2019,16,36466
17-09-2019,12,36478
18-09-2019,22,36500
19-09-2019,19,36519
20-09-2019,17,36536
21-09-2019,15,36551
22-09-2019,16,36567
23-09-2019,18,36585
24-09-2019,22,36607
25-09-2019,17,36624
26-09-2019,24,36648
27-09-2019,18,36666
28-09-2019,15,36681
29-09-2019,21,36702
30-09-2019,13,36715
01-10-2019,16,36731
02-10-2019,12,36743
03-10-2019,23,36766
04-10-2019,18,36784
05-10-2019,9,36793
06-10-2019,17,36810
07-10-2019,13,36823
08-10-2019,16,36839
09-10-2019,17,36856
10-10-2019,23,36879
11-10-2019,21,36900
12-10-2019,13,36913
13-10-2019,8,36921
14-10-2019,29,36950
15-10-2019,11,36961
16-10-2019,23,36984
17-10-2019,26,37010
18-10-2019,29,37039
19-10-2019,23,37062
20-10-2019,18,37080
21-10-2019,26,37106
22-10-2019,18,37124
23-10-2019,21,37145
24-10-2019,23,37168
25-10-2019,16,37184
26-10-2019,19,37203
27-10-2019,19,37222
28-10-2019,30,37252
29-10-2019,27,37279
30-10-2019,29,37308
31-10-2019,34,37342
01-11-2019,20,37362
02-11-2019,19,37381
03-11-2019,24,37405
04-11-2019,56,37461
05-11-2019,31,37492
06-11-2019,33,37525
07-11-2019,43,37568
08-11-2019,43,37611
09-11-2019,24,37635
10-11-2019,38,37673
11-11-2019,26,37699
12-11-2019,22,37721
13-11-2019,29,37750
14-11-2019,38,37788
15-11-2019,27,37815
16-11-2019,21,37836
17-11-2019,18,37854
18-11-2019,28,37882
19-11-2019,27,37909
20-11-2019,18,37927
21-11-2019,23,37950
22-11-2019,25,37975
23-11-2019,16,37991
24-11-2019,11,38002
25-11-2019,22,38024
26-11-2019,21,38045
27-11-2019,23,38068
28-11-2019,20,38088
29-11-2019,14,38102
30-11-2019,14,38116
01-12-2019,14,38130
02-12-2019,23,38153
03-12-2019,27,38180
04-12-2019,35,38215
05-12-2019,26,38241
06-12-2019,28,38269
07-12-2019,26,38295
08-12-2019,27,38322
09-12-2019,63,38385
10-12-2019,39,38424
11-12-2019,24,38448
12-12-2019,19,38467
13-12-2019,18,38485
14-12-2019,20,38505
15-12-2019,14,38519
16-12-2019,20,38539
17-12-2019,15,38554
18-12-2019,24,38578
19-12-2019,21,38599
20-12-2019,15,38614
21-12-2019,16,38630
22-12-2019,16,38646
23-12-2019,26,38672
24-12-2019,20,38692
25-12-2019,14,38706
26-12-2019,14,38720
27-12-2019,17,38737
28-12-2019,5,38742
29-12-2019,12,38754
30-12-2019,24,38778
31-12-2019,12,38790
01-01-2020,15,38805
02-01-2020,29,38834
03-01-2020,20,38854
04-01-2020,19,38873
05-01-2020,17,38890
06-01-2020,23,38913
07-01-2020,28,38941
08-01-2020,28,38969
09-01-2020,29,38998
10-01-2020,17,39015
11-01-2020,15,39030
12-01-2020,20,39050
13-01-2020,15,39065
14-01-2020,22,39087
15-01-2020,23,39110
16-01-2020,38,39148
17-01-2020,27,39175
18-01-2020,20,39195
19-01-2020,29,39224
20-01-2020,20,39244
21-01-2020,24,39268
22-01-2020,30,39298
23-01-2020,28,39326
24-01-2020,22,39348
25-01-2020,21,39369
26-01-2020,16,39385
27-01-2020,25,39410
28-01-2020,24,39434
29-01-2020,11,39445
30-01-2020,17,39462
31-01-2020,18,39480
01-02-2020,14,39494
02-02-2020,23,39517
03-02-2020,13,39530
04-02-2020,20,39550
05-02-2020,43,39593
06-02-2020,32,39625
07-02-2020,30,39655
08-02-2020,20,39675
09-02-2020,20,39695
10-02-2020,26,39721
11-02-2020,31,39752
12-02-2020,30,39782
13-02-2020,25,39807
14-02-2020,28,39835
15-02-2020,24,39859
16-02-2020,29,39888
17-02-2020,29,39917
18-02-2020,25,39942
19-02-2020,21,39963
20-02-2020,20,39983
21-02-2020,26,40009
22-02-2020,22,40031
23-02-2020,16,40047
24-02-2020,22,40069
25-02-2020,24,40093
26-02-2020,20,40113
27-02-2020,22,40135
28-02-2020,23,40158
29-02-2020,31,40189
01-03-2020,18,40207
02-03-2020,19,40226
03-03-2020,31,40257
04-03-2020,28,40285
05-03-2020,21,40306
06-03-2020,24,40330
07-03-2020,25,40355
08-03-2020,17,40372
09-03-2020,22,40394
10-03-2020,20,40414
11-03-2020,30,40444
12-03-2020,20,40464
13-03-2020,25,40489
14-03-2020,20,40509
15-03-2020,25,40534
16-03-2020,18,40552
17-03-2020,21,40573
18-03-2020,21,40594
19-03-2020,15,40609
20-03-2020,26,40635
21-03-2020,24,40659
22-03-2020,21,40680
23-03-2020,26,40706
24-03-2020,28,40734
25-03-2020,15,40749
26-03-2020,17,40766
27-03-2020,20,40786
28-03-2020,17,40803
29-03-2020,21,40824
30-03-2020,22,40846
31-03-2020,28,40874
01-04-2020,20,40894
02-04-2020,26,40920
03-04-2020,26,40946
04-04-2020,26,40972
05-04-2020,45,41017
06-04-2020,63,41080
07-04-2020,41,41121
08-04-2020,26,41147
09-04-2020,26,41173
10-04-2020,30,41203
11-04-2020,24,41227
12-04-2020,27,41254
13-04-2020,23,41277
14-04-2020,19,41296
15-04-2020,12,41308
16-04-2020,21,41329
17-04-2020,23,41352
18-04-2020,22,41374
19-04-2020,17,41391
20-04-2020,26,41417
21-04-2020,20,41437
22-04-2020,28,41465
23-04-2020,23,41488
24-04-2020,38,41526
25-04-2020,32,41558
26-04-2020,27,41585
27-04-2020,31,41616
28-04-2020,25,41641
29-04-2020,30,41671
30-04-2020,21,41692
01-05-2020,22,41714
02-05-2020,20,41734
03-05-2020,23,41757
04-05-2020,24,41781
05-05-2020,23,41804
06-05-2020,27,41831
07-05-2020,29,41860
08-05-2020,22,41882
09-05-2020,28,41910
10-05-2020,30,41940
11-05-2020,15,41955
12-05-2020,29,41984
13-05-2020,23,42007
14-05-2020,30,42037
15-05-2020,28,42065
16-05-2020,22,42087
17-05-2020,19,42106
18-05-2020,41,42147
19-05-2020,28,42175
20-05-2020,30,42205
21-05-2020,20,42225
22-05-2020,31,42256
23-05-2020,19,42275
24-05-2020,32,42307
25-05-2020,26,42333
26-05-2020,28,42361
27-05-2020,34,42395
28-05-2020,31,42426
29-05-2020,44,42470
30-05-2020,26,42496
31-05-2020,27,42523
01-06-2020,30,42553
02-06-2020,37,42590
03-06-2020,27,42617
04-06-2020,43,42660
05-06-2020,33,42693
06-06-2020,26,42719
07-06-2020,34,42753
08-06-2020,32,42785
09-06-2020,28,42813
10-06-2020,44,42857
11-06-2020,20,42877
12-06-2020,27,42904
13-06-2020,23,42927
14-06-2020,26,42953
15-06-2020,24,42977
16-06-2020,37,43014
17-06-2020,24,43038
18-06-2020,27,43065
19-06-2020,21,43086
20-06-2020,30,43116
21-06-2020,62,43178
22-06-2020,88,43266
23-06-2020,55,43321
24-06-2020,30,43351
25-06-2020,27,43378
26-06-2020,17,43395
27-06-2020,16,43411
28-06-2020,28,43439
29-06-2020,38,43477
30-06-2020,37,43514
01-07-2020,37,43551
02-07-2020,27,43578
03-07-2020,26,43604
04-07-2020,17,43621
05-07-2020,26,43647
06-07-2020,20,43667
07-07-2020,18,43685
08-07-2020,22,43707
09-07-2020,31,43738
10-07-2020,24,43762
11-07-2020,13,43775
12-07-2020,22,43797
13-07-2020,18,43815
14-07-2020,32,43847
15-07-2020,34,43881
16-07-2020,30,43911
17-07-2020,54,43965
18-07-2020,35,44000
19-07-2020,32,44032
20-07-2020,28,44060
21-07-2020,45,44105
22-07-2020,32,44137
23-07-2020,28,44165
24-07-2020,36,44201
25-07-2020,28,44229
26-07-2020,21,44250
27-07-2020,43,44293
28-07-2020,40,44333
29-07-2020,34,44367
30-07-2020,31,44398
31-07-2020,26,44424
01-08-2020,17,44441
02-08-2020,19,44460
03-08-2020,8,44468
04-08-2020,17,44485
05-08-2020,31,44516
06-08-2020,29,44545
07-08-2020,32,44577
08-08-2020,24,44601
09-08-2020,21,44622
10-08-2020,21,44643
11-08-2020,24,44667
12-08-2020,35,44702
13-08-2020,23,44725
14-08-2020,14,44739
15-08-2020,20,44759
16-08-2020,23,44782
17-08-2020,25,44807
18-08-2020,27,44834
19-08-2020,22,44856
20-08-2020,21,44877
21-08-2020,27,44904
22-08-2020,20,44924
23-08-2020,21,44945
24-08-2020,29,44974
25-08-2020,28,45002
26-08-2020,20,45022
27-08-2020,25,45047
28-08-2020,26,45073
29-08-2020,21,45094
30-08-2020,19,45113
31-08-2020,18,45131
01-09-2020,32,45163
02-09-2020,20,45183
03-09-2020,37,45220
04-09-2020,25,45245
05-09-2020,23,45268
06-09-2020,18,45286
07-09-2020,22,45308
08-09-2020,24,45332
09-09-2020,29,45361
10-09-2020,27,45388
11-09-2020,31,45419
12-09-2020,24,45443
13-09-2020,21,45464
14-09-2020,26,45490
15-09-2020,29,45519
16-09-2020,23,45542
17-09-2020,25,45567
18-09-2020,21,45588
19-09-2020,11,45599
20-09-2020,19,45618
21-09-2020,26,45644
22-09-2020,22,45666
23-09-2020,24,45690
24-09-2020,22,45712
25-09-2020,21,45733
26-09-2020,18,45751
27-09-2020,23,45774
28-09-2020,20,45794
29-09-2020,19,45813
30-09-2020,22,45835
01-10-2020,22,45857
02-10-2020,21,45878
03-10-2020,24,45902
04-10-2020,15,45917
05-10-2020,25,45942
06-10-2020,18,45960
07-10-2020,22,45982
08-10-2020,25,46007
09-10-2020,19,46026
10-10-2020,21,46047
11-10-2020,17,46064
12-10-2020,18,46082
13-10-2020,19,46101
14-10-2020,17,46118
15-10-2020,17,46135
16-10-2020,29,46164
17-10-2020,18,46182
18-10-2020,22,46204
19-10-2020,30,46234
20-10-2020,27,46261
21-10-2020,19,46280
22-10-2020,19,46299
23-10-2020,27,46326
24-10-2020,21,46347
25-10-2020,14,46361
26-10-2020,20,46381
27-10-2020,13,46394
28-10-2020,15,46409
29-10-2020,24,46433
30-10-2020,23,46456
31-10-2020,16,46472
01-11-2020,17,46489
02-11-2020,20,46509
03-11-2020,22,46531
04-11-2020,25,46556
05-11-2020,22,46578
06-11-2020,17,46595
07-11-2020,21,46616
08-11-2020,25,46641
09-11-2020,26,46667
10-11-2020,15,46682
11-11-2020,28,46710
12-11-2020,18,46728
13-11-2020,25,46753
14-11-2020,17,46770
15-11-2020,22,46792
16-11-2020,18,46810
17-11-2020,26,46836
18-11-2020,27,46863
19-11-2020,23,46886
20-11-2020,24,46910
21-11-2020,17,46927
22-11-2020,28,46955
23-11-2020,15,46970
24-11-2020,28,46998
25-11-2020,26,47024
26-11-2020,31,47055
27-11-2020,31,47086
28-11-2020,25,47111
29-11-2020,21,47132
30-11-2020,28,47160
01-12-2020,34,47194
02-12-2020,31,47225
03-12-2020,24,47249
04-12-2020,26,47275
05-12-2020,28,47303
06-12-2020,30,47333
07-12-2020,23,47356
08-12-2020,29,47385
09-12-2020,31,47416
10-12-2020,25,47441
11-12-2020,19,47460
12-12-2020,26,47486
13-12-2020,17,47503
14-12-2020,36,47539
15-12-2020,24,47563
16-12-2020,27,47590
17-12-2020,24,47614
18-12-2020,32,47646
19-12-2020,14,47660
20-12-2020,19,47679
21-12-2020,25,47704
22-12-2020,26,47730
23-12-2020,32,47762
24-12-2020,28,47790
25-12-2020,18,47808
26-12-2020,32,47840
27-12-2020,17,47857
28-12-2020,39,47896
29-12-2020,29,47925
30-12-2020,36,47961
31-12-2020,30,47991
01-01-2021,17,48008
02-01-2021,20,48028
03-01-2021,34,48062
04-01-2021,23,48085
05-01-2021,24,48109
06-01-2021,20,48129
07-01-2021,27,48156
08-01-2021,25,48181
09-01-2021,21,48202
10-01-2021,22,48224
11-01-2021,27,48251
12-01-2021,24,48275
13-01-2021,23,48298
14-01-2021,29,48327
15-01-2021,20,48347
16-01-2021,26,48373
17-01-2021,20,48393
18-01-2021,93,48486
19-01-2021,72,48558
20-01-2021,28,48586
21-01-2021,20,48606
22-01-2021,23,48629
23-01-2021,18,48647
24-01-2021,15,48662
25-01-2021,38,48700
26-01-2021,26,48726
27-01-2021,24,48750
28-01-2021,31,48781
29-01-2021,22,48803
30-01-2021,20,48823
31-01-2021,19,48842
01-02-2021,32,48874
02-02-2021,21,48895
03-02-2021,20,48915
04-02-2021,34,48949
05-02-2021,28,48977
06-02-2021,108,49085
07-02-2021,134,49219
08-02-2021,91,49310
09-02-2021,32,49342
10-02-2021,42,49384
11-02-2021,26,49410
12-02-2021,24,49434
13-02-2021,27,49461
14-02-2021,25,49486
15-02-2021,28,49514
16-02-2021,25,49539
17-02-2021,36,49575
18-02-2021,23,49598
19-02-2021,40,49638
20-02-2021,34,49672
21-02-2021,33,49705
22-02-2021,39,49744
23-02-2021,28,49772
24-02-2021,25,49797
25-02-2021,30,49827
26-02-2021,38,49865
27-02-2021,27,49892
28-02-2021,27,49919
01-03-2021,29,49948
02-03-2021,17,49965
03-03-2021,20,49985
04-03-2021,35,50020
05-03-2021,26,50046
06-03-2021,20,50066
07-03-2021,28,50094
08-03-2021,23,50117
09-03-2021,31,50148
10-03-2021,35,50183
11-03-2021,31,50214
12-03-2021,23,50237
13-03-2021,23,50260
14-03-2021,23,50283
15-03-2021,12,50295
16-03-2021,27,50322
17-03-2021,19,50341
18-03-2021,26,50367
19-03-2021,27,50394
20-03-2021,31,50425
21-03-2021,21,50446
22-03-2021,25,50471
23-03-2021,24,50495
24-03-2021,26,50521
25-03-2021,40,50561
26-03-2021,32,50593
27-03-2021,19,50612
28-03-2021,27,50639
29-03-2021,40,50679
30-03-2021,28,50707
31-03-2021,33,50740
01-04-2021,27,50767
02-04-2021,28,50795
03-04-2021,34,50829
04-04-2021,21,50850
05-04-2021,19,50869
06-04-2021,33,50902
07-04-2021,32,50934
08-04-2021,36,50970
09-04-2021,24,50994
10-04-2021,20,51014
11-04-2021,30,51044
12-04-2021,37,51081
13-04-2021,32,51113
14-04-2021,34,51147
15-04-2021,24,51171
16-04-2021,35,51206
17-04-2021,26,51232
18-04-2021,32,51264
19-04-2021,33,51297
20-04-2021,25,51322
21-04-2021,41,51363
22-04-2021,35,51398
23-04-2021,22,51420
24-04-2021,29,51449
25-04-2021,21,51470
26-04-2021,32,51502
27-04-2021,29,51531
28-04-2021,27,51558
29-04-2021,37,51595
30-04-2021,35,51630
01-05-2021,28,51658
02-05-2021,127,51785
03-05-2021,88,51873
04-05-2021,31,51904
05-05-2021,34,51938
06-05-2021,40,51978
07-05-2021,41,52019
08-05-2021,45,52064
09-05-2021,22,52086
10-05-2021,39,52125
11-05-2021,36,52161
12-05-2021,41,52202
13-05-2021,26,52228
14-05-2021,44,52272
15-05-2021,23,52295
16-05-2021,33,52328
17-05-2021,42,52370
18-05-2021,41,52411
19-05-2021,20,52431
20-05-2021,19,52450
21-05-2021,27,52477
22-05-2021,25,52502
23-05-2021,24,52526
24-05-2021,35,52561
25-05-2021,24,52585
26-05-2021,16,52601
27-05-2021,25,52626
28-05-2021,15,52641
29-05-2021,41,52682
30-05-2021,103,52785
31-05-2021,84,52869
01-06-2021,26,52895
02-06-2021,21,52916
03-06-2021,23,52939
04-06-2021,28,52967
05-06-2021,22,52989
06-06-2021,20,53009
07-06-2021,21,53030
08-06-2021,25,53055
09-06-2021,16,53071
10-06-2021,18,53089
11-06-2021,28,53117
12-06-2021,12,53129
13-06-2021,12,53141
14-06-2021,18,53159
15-06-2021,29,53188
16-06-2021,19,53207
17-06-2021,21,53228
18-06-2021,24,53252
19-06-2021,19,53271
20-06-2021,15,53286
21-06-2021,23,53309
22-06-2021,30,53339
23-06-2021,30,53369
24-06-2021,18,53387
25-06-2021,20,53407
26-06-2021,16,53423
27-06-2021,14,53437
28-06-2021,30,53467
29-06-2021,14,53481
30-06-2021,26,53507
01-07-2021,18,53525
02-07-2021,29,53554
03-07-2021,89,53643
04-07-2021,127,53770
05-07-2021,58,53828
06-07-2021,31,53859
07-07-2021,25,53884
08-07-2021,28,53912
09-07-2021,24,53936
10-07-2021,17,53953
11-07-2021,21,53974
12-07-2021,26,54000
13-07-2021,28,54028
14-07-2021,33,54061
15-07-2021,20,54081
16-07-2021,25,54106
17-07-2021,22,54128
18-07-2021,28,54156
19-07-2021,21,54177
20-07-2021,22,54199
21-07-2021,36,54235
22-07-2021,31,54266
23-07-2021,20,54286
24-07-2021,20,54306
25-07-2021,23,54329
26-07-2021,24,54353
27-07-2021,32,54385
28-07-2021,21,54406
29-07-2021,28,54434
30-07-2021,35,54469
31-07-2021,18,54487
01-08-2021,27,54514
02-08-2021,29,54543
03-08-2021,32,54575
04-08-2021,28,54603
05-08-2021,19,54622
06-08-2021,25,54647
07-08-2021,20,54667
08-08-2021,28,54695
09-08-2021,26,54721
10-08-2021,23,54744
11-08-2021,26,54770
12-08-2021,35,54805
13-08-2021,24,54829
14-08-2021,24,54853
15-08-2021,108,54961
16-08-2021,84,55045
17-08-2021,21,55066
18-08-2021,43,55109
19-08-2021,39,55148
20-08-2021,29,55177
21-08-2021,26,55203
22-08-2021,30,55233
23-08-2021,36,55269
24-08-2021,32,55301
25-08-2021,30,55331
26-08-2021,37,55368
27-08-2021,41,55409
28-08-2021,22,55431
29-08-2021,21,55452
30-08-2021,37,55489
31-08-2021,24,55513
01-09-2021,15,55528
02-09-2021,34,55562
03-09-2021,30,55592
04-09-2021,24,55616
05-09-2021,20,55636
06-09-2021,23,55659
07-09-2021,27,55686
08-09-2021,29,55715
09-09-2021,28,55743
10-09-2021,40,55783
11-09-2021,28,55811
12-09-2021,25,55836
13-09-2021,34,55870
14-09-2021,28,55898
15-09-2021,28,55926
16-09-2021,38,55964
17-09-2021,40,56004
18-09-2021,31,56035
19-09-2021,17,56052
20-09-2021,34,56086
21-09-2021,30,56116
22-09-2021,30,56146
23-09-2021,33,56179
24-09-2021,26,56205
25-09-2021,15,56220
26-09-2021,16,56236
27-09-2021,32,56268
28-09-2021,22,56290
29-09-2021,18,56308
30-09-2021,19,56327
01-10-2021,23,56350
02-10-2021,14,56364
03-10-2021,20,56384
04-10-2021,20,56404
05-10-2021,25,56429
06-10-2021,23,56452
07-10-2021,18,56470
08-10-2021,31,56501
09-10-2021,26,56527
10-10-2021,22,56549
11-10-2021,41,56590
12-10-2021,39,56629
13-10-2021,30,56659
14-10-2021,28,56687
15-10-2021,40,56727
16-10-2021,27,56754
17-10-2021,27,56781
18-10-2021,25,56806
19-10-2021,18,56824
20-10-2021,34,56858
21-10-2021,24,56882
22-10-2021,33,56915
23-10-2021,37,56952
24-10-2021,22,56974
25-10-2021,23,56997
26-10-2021,27,57024
27-10-2021,18,57042
28-10-2021,26,57068
29-10-2021,23,57091
30-10-2021,22,57113
31-10-2021,26,57139
01-11-2021,25,57164
02-11-2021,29,57193
03-11-2021,24,57217
04-11-2021,30,57247
05-11-2021,27,57274
06-11-2021,30,57304
07-11-2021,20,57324
08-11-2021,26,57350
09-11-2021,25,57375
10-11-2021,28,57403
11-11-2021,41,57444
12-11-2021,45,57489
13-11-2021,38,57527
14-11-2021,46,57573
15-11-2021,40,57613
16-11-2021,35,57648
17-11-2021,38,57686
18-11-2021,35,57721
19-11-2021,36,57757
20-11-2021,22,57779
21-11-2021,22,57801
22-11-2021,44,57845
23-11-2021,45,57890
24-11-2021,42,57932
25-11-2021,32,57964
26-11-2021,32,57996
27-11-2021,25,58021
28-11-2021,32,58053
29-11-2021,34,58087
30-11-2021,43,58130
01-12-2021,37,58167
02-12-2021,49,58216
03-12-2021,38,58254
04-12-2021,30,58284
05-12-2021,28,58312
06-12-2021,48,58360
07-12-2021,28,58388
08-12-2021,53,58441
09-12-2021,45,58486
10-12-2021,60,58546
11-12-2021,43,58589
12-12-2021,33,58622
13-12-2021,47,58669
14-12-2021,21,58690
15-12-2021,38,58728
16-12-2021,33,58761
17-12-2021,40,58801
18-12-2021,16,58817
19-12-2021,25,58842
20-12-2021,34,58876
21-12-2021,31,58907
22-12-2021,25,58932
23-12-2021,30,58962
24-12-2021,22,58984
25-12-2021,24,59008
26-12-2021,38,59046
27-12-2021,34,59080
28-12-2021,41,59121
29-12-2021,32,59153
30-12-2021,39,59192
31-12-2021,26,59218
01-01-2022,20,59238
02-01-2022,26,59264
03-01-2022,20,59284
04-01-2022,33,59317
05-01-2022,30,59347
06-01-2022,33,59380
07-01-2022,35,59415
08-01-2022,28,59443
09-01-2022,40,59483
10-01-2022,43,59526
11-01-2022,43,59569
12-01-2022,38,59607
13-01-2022,43,59650
14-01-2022,52,59702
15-01-2022,36,59738
16-01-2022,37,59775
17-01-2022,51,59826
18-01-2022,42,59868
19-01-2022,35,59903
20-01-2022,40,59943
21-01-2022,20,59963
22-01-2022,33,59996
23-01-2022,20,60016
24-01-2022,35,60051
25-01-2022,42,60093
26-01-2022,35,60128
27-01-2022,36,60164
28-01-2022,26,60190
29-01-2022,30,60220
30-01-2022,35,60255
31-01-2022,39,60294
01-02-2022,34,60328
02-02-2022,32,60360
03-02-2022,32,60392
04-02-2022,32,60424
05-02-2022,30,60454
06-02-2022,38,60492
07-02-2022,45,60537
08-02-2022,44,60581
09-02-2022,38,60619
10-02-2022,42,60661
11-02-2022,38,60699
12-02-2022,29,60728
13-02-2022,37,60765
14-02-2022,32,60797
15-02-2022,37,60834
16-02-2022,33,60867
17-02-2022,30,60897
18-02-2022,40,60937
19-02-2022,29,60966
20-02-2022,30,60996
21-02-2022,32,61028
22-02-2022,54,61082
23-02-2022,35,61117
24-02-2022,45,61162
25-02-2022,46,61208
26-02-2022,36,61244
27-02-2022,29,61273
28-02-2022,33,61306
01-03-2022,28,61334
02-03-2022,42,61376
03-03-2022,26,61402
04-03-2022,37,61439
05-03-2022,28,61467
06-03-2022,27,61494
07-03-2022,27,61521
08-03-2022,38,61559
09-03-2022,26,61585
10-03-2022,28,61613
11-03-2022,19,61632
12-03-2022,22,61654
13-03-2022,33,61687
14-03-2022,30,61717
15-03-2022,35,61752
16-03-2022,39,61791
17-03-2022,37,61828
18-03-2022,29,61857
19-03-2022,26,61883
20-03-2022,44,61927
21-03-2022,101,62028
22-03-2022,117,62145
23-03-2022,73,62218
24-03-2022,53,62271
25-03-2022,41,62312
26-03-2022,26,62338
27-03-2022,33,62371
28-03-2022,31,62402
29-03-2022,29,62431
30-03-2022,38,62469
31-03-2022,25,62494
01-04-2022,32,62526
02-04-2022,27,62553
03-04-2022,26,62579
04-04-2022,25,62604
05-04-2022,36,62640
06-04-2022,30,62670
07-04-2022,25,62695
08-04-2022,30,62725
09-04-2022,37,62762
10-04-2022,48,62810
11-04-2022,44,62854
12-04-2022,35,62889
13-04-2022,28,62917
14-04-2022,26,62943
15-04-2022,30,62973
16-04-2022,34,63007
17-04-2022,35,63042
18-04-2022,31,63073
19-04-2022,42,63115
20-04-2022,48,63163
21-04-2022,21,63184
22-04-2022,36,63220
23-04-2022,39,63259
24-04-2022,30,63289
25-04-2022,31,63320
26-04-2022,44,63364
27-04-2022,43,63407
28-04-2022,31,63438
29-04-2022,30,63468
30-04-2022,39,63507
01-05-2022,39,63546
02-05-2022,32,63578
03-05-2022,35,63613
04-05-2022,34,63647
05-05-2022,43,63690
06-05-2022,39,63729
07-05-2022,49,63778
08-05-2022,36,63814
09-05-2022,31,63845
10-05-2022,22,63867
11-05-2022,42,63909
12-05-2022,41,63950
13-05-2022,35,63985
14-05-2022,30,64015
15-05-2022,28,64043
16-05-2022,33,64076
17-05-2022,34,64110
18-05-2022,45,64155
19-05-2022,36,64191
20-05-2022,27,64218
21-05-2022,37,64255
22-05-2022,28,64283
23-05-2022,22,64305
24-05-2022,38,64343
25-05-2022,29,64372
26-05-2022,33,64405
27-05-2022,45,64450
28-05-2022,35,64485
29-05-2022,28,64513
30-05-2022,39,64552
31-05-2022,30,64582
01-06-2022,33,64615
02-06-2022,38,64653
03-06-2022,26,64679
04-06-2022,21,64700
05-06-2022,34,64734
06-06-2022,41,64775
07-06-2022,46,64821
08-06-2022,58,64879
09-06-2022,41,64920
10-06-2022,38,64958
11-06-2022,33,64991
12-06-2022,28,65019
13-06-2022,33,65052
14-06-2022,31,65083
15-06-2022,27,65110
16-06-2022,36,65146
17-06-2022,35,65181
18-06-2022,26,65207
19-06-2022,31,65238
20-06-2022,35,65273
21-06-2022,37,65310
22-06-2022,19,65329
23-06-2022,45,65374
24-06-2022,37,65411
25-06-2022,36,65447
26-06-2022,90,65537
27-06-2022,83,65620
28-06-2022,45,65665
29-06-2022,35,65700
30-06-2022,41,65741
01-07-2022,47,65788
02-07-2022,35,65823
03-07-2022,26,65849
04-07-2022,28,65877
05-07-2022,24,65901
06-07-2022,40,65941
07-07-2022,47,65988
08-07-2022,38,66026
09-07-2022,40,66066
10-07-2022,40,66106
11-07-2022,45,66151
12-07-2022,45,66196
13-07-2022,37,66233
14-07-2022,34,66267
15-07-2022,54,66321
16-07-2022,29,66350
17-07-2022,28,66378
18-07-2022,27,66405
19-07-2022,49,66454
20-07-2022,67,66521
21-07-2022,55,66576
22-07-2022,63,66639
23-07-2022,59,66698
24-07-2022,62,66760
25-07-2022,58,66818
26-07-2022,157,66975
27-07-2022,102,67077
28-07-2022,56,67133
29-07-2022,77,67210
30-07-2022,45,67255
31-07-2022,39,67294
01-08-2022,159,67453
02-08-2022,130,67583
03-08-2022,103,67686
04-08-2022,74,67760
05-08-2022,57,67817
06-08-2022,32,67849
07-08-2022,38,67887
08-08-2022,42,67929
09-08-2022,30,67959
10-08-2022,45,68004
11-08-2022,46,68050
12-08-2022,51,68101
13-08-2022,29,68130
14-08-2022,26,68156
15-08-2022,36,68192
16-08-2022,41,68233
17-08-2022,37,68270
18-08-2022,26,68296
19-08-2022,35,68331
20-08-2022,36,68367
21-08-2022,71,68438
22-08-2022,77,68515
23-08-2022,42,68557
24-08-2022,39,68596
25-08-2022,35,68631
26-08-2022,28,68659
27-08-2022,37,68696
28-08-2022,23,68719
29-08-2022,31,68750
30-08-2022,35,68785
31-08-2022,27,68812
01-09-2022,33,68845
02-09-2022,25,68870
03-09-2022,29,68899
04-09-2022,33,68932
05-09-2022,26,68958
06-09-2022,32,68990
07-09-2022,25,69015
08-09-2022,41,69056
09-09-2022,27,69083
10-09-2022,31,69114
11-09-2022,26,69140
12-09-2022,29,69169
13-09-2022,49,69218
14-09-2022,83,69301
15-09-2022,72,69373
16-09-2022,40,69413
17-09-2022,30,69443
18-09-2022,40,69483
19-09-2022,27,69510
20-09-2022,54,69564
21-09-2022,56,69620
22-09-2022,46,69666
23-09-2022,59,69725
24-09-2022,42,69767
25-09-2022,66,69833
26-09-2022,82,69915
27-09-2022,47,69962
28-09-2022,49,70011
29-09-2022,49,70060
30-09-2022,37,70097
01-10-2022,21,70118
02-10-2022,39,70157
03-10-2022,42,70199
04-10-2022,27,70226
05-10-2022,34,70260
06-10-2022,36,70296
07-10-2022,36,70332
08-10-2022,49,70381
09-10-2022,49,70430
10-10-2022,44,70474
11-10-2022,38,70512
12-10-2022,45,70557
13-10-2022,45,70602
14-10-2022,40,70642
15-10-2022,34,70676
16-10-2022,37,70713
17-10-2022,77,70790
18-10-2022,79,70869
19-10-2022,47,70916
20-10-2022,45,70961
21-10-2022,46,71007
22-10-2022,39,71046
23-10-2022,43,71089
24-10-2022,37,71126
25-10-2022,48,71174
26-10-2022,39,71213
27-10-2022,46,71259
28-10-2022,44,71303
29-10-2022,26,71329
30-10-2022,26,71355
31-10-2022,44,71399
01-11-2022,41,71440
02-11-2022,38,71478
03-11-2022,40,71518
04-11-2022,46,71564
05-11-2022,39,71603
06-11-2022,36,71639
07-11-2022,44,71683
08-11-2022,37,71720
09-11-2022,45,71765
10-11-2022,50,71815
11-11-2022,39,71854
12-11-2022,33,71887
13-11-2022,37,71924
14-11-2022,36,71960
15-11-2022,48,72008
16-11-2022,47,72055
17-11-2022,37,72092
18-11-2022,35,72127
19-11-2022,32,72159
20-11-2022,34,72193
21-11-2022,29,72222
22-11-2022,37,72259
23-11-2022,37,72296
24-11-2022,34,72330
25-11-2022,37,72367
26-11-2022,27,72394
27-11-2022,30,72424
28-11-2022,38,72462
29-11-2022,38,72500
30-11-2022,31,72531
01-12-2022,44,72575
02-12-2022,53,72628
03-12-2022,32,72660
04-12-2022,27,72687
05-12-2022,30,72717
06-12-2022,38,72755
07-12-2022,34,72789
08-12-2022,40,72829
09-12-2022,35,72864
10-12-2022,29,72893
11-12-2022,35,72928
12-12-2022,49,72977
13-12-2022,31,73008
14-12-2022,27,73035
15-12-2022,42,73077
16-12-2022,39,73116
17-12-2022,26,73142
18-12-2022,24,73166
19-12-2022,35,73201
20-12-2022,41,73242
21-12-2022,24,73266
22-12-2022,26,73292
23-12-2022,27,73319
24-12-2022,19,73338
25-12-2022,27,73365
26-12-2022,28,73393
27-12-2022,35,73428
28-12-2022,29,73457
29-12-2022,34,73491
30-12-2022,33,73524
31-12-2022,27,73551
01-01-2023,43,73594
02-01-2023,42,73636
03-01-2023,37,73673
04-01-2023,29,73702
05-01-2023,41,73743
06-01-2023,50,73793
07-01-2023,37,73830
08-01-2023,26,73856
09-01-2023,34,73890
10-01-2023,43,73933
11-01-2023,41,73974
12-01-2023,42,74016
13-01-2023,45,74061
14-01-2023,36,74097
15-01-2023,44,74141
16-01-2023,48,74189
17-01-2023,35,74224
18-01-2023,42,74266
19-01-2023,38,74304
20-01-2023,32,74336
21-01-2023,39,74375
22-01-2023,32,74407
23-01-2023,41,74448
24-01-2023,41,74489
25-01-2023,33,74522
26-01-2023,33,74555
27-01-2023,44,74599
28-01-2023,42,74641
29-01-2023,48,74689
30-01-2023,43,74732
31-01-2023,43,74775
01-02-2023,66,74841
02-02-2023,43,74884
03-02-2023,43,74927
04-02-2023,37,74964
05-02-2023,38,75002
06-02-2023,36,75038
07-02-2023,37,75075
08-02-2023,50,75125
09-02-2023,48,75173
10-02-2023,47,75220
11-02-2023,41,75261
12-02-2023,33,75294
13-02-2023,47,75341
14-02-2023,36,75377
15-02-2023,33,75410
16-02-2023,48,75458
17-02-2023,48,75506
18-02-2023,34,75540
19-02-2023,41,75581
20-02-2023,32,75613
21-02-2023,45,75658
22-02-2023,53,75711
23-02-2023,46,75757
24-02-2023,41,75798
25-02-2023,32,75830
26-02-2023,41,75871
27-02-2023,47,75918
28-02-2023,49,75967
01-03-2023,54,76021
02-03-2023,42,76063
03-03-2023,37,76100
04-03-2023,29,76129
05-03-2023,46,76175
06-03-2023,35,76210
07-03-2023,44,76254
08-03-2023,56,76310
09-03-2023,48,76358
10-03-2023,58,76416
11-03-2023,46,76462
12-03-2023,38,76500
13-03-2023,37,76537
14-03-2023,41,76578
15-03-2023,50,76628
16-03-2023,45,76673
17-03-2023,46,76719
18-03-2023,37,76756
19-03-2023,31,76787
20-03-2023,34,76821
21-03-2023,42,76863
22-03-2023,34,76897
23-03-2023,37,76934
24-03-2023,37,76971
25-03-2023,28,76999
26-03-2023,42,77041
27-03-2023,100,77141
28-03-2023,82,77223
29-03-2023,52,77275
30-03-2023,35,77310
31-03-2023,55,77365
01-04-2023,34,77399
02-04-2023,37,77436
03-04-2023,41,77477
04-04-2023,42,77519
05-04-2023,37,77556
06-04-2023,36,77592
07-04-2023,59,77651
08-04-2023,37,77688
09-04-2023,41,77729
10-04-2023,56,77785
11-04-2023,46,77831
12-04-2023,46,77877
13-04-2023,35,77912
14-04-2023,51,77963
15-04-2023,32,77995
16-04-2023,33,78028
17-04-2023,50,78078
18-04-2023,35,78113
19-04-2023,40,78153
20-04-2023,53,78206
21-04-2023,46,78252
22-04-2023,45,78297
23-04-2023,31,78328
24-04-2023,38,78366
25-04-2023,50,78416
26-04-2023,30,78446
27-04-2023,31,78477
28-04-2023,53,78530
29-04-2023,35,78565
30-04-2023,48,78613
01-05-2023,32,78645
02-05-2023,29,78674
03-05-2023,60,78734
04-05-2023,50,78784
05-05-2023,44,78828
06-05-2023,57,78885
07-05-2023,43,78928
08-05-2023,57,78985
09-05-2023,45,79030
10-05-2023,52,79082
11-05-2023,39,79121
12-05-2023,46,79167
13-05-2023,38,79205
14-05-2023,32,79237
15-05-2023,46,79283
16-05-2023,52,79335
17-05-2023,46,79381
18-05-2023,47,79428
19-05-2023,33,79461
20-05-2023,40,79501
21-05-2023,34,79535
22-05-2023,32,79567
23-05-2023,40,79607
24-05-2023,49,79656
25-05-2023,39,79695
26-05-2023,31,79726
27-05-2023,29,79755
28-05-2023,40,79795
29-05-2023,55,79850
30-05-2023,63,79913
31-05-2023,50,79963
01-06-2023,53,80016
02-06-2023,52,80068
03-06-2023,39,80107
04-06-2023,39,80146
05-06-2023,49,80195
06-06-2023,39,80234
07-06-2023,45,80279
08-06-2023,34,80313
09-06-2023,34,80347
10-06-2023,34,80381
11-06-2023,22,80403
12-06-2023,31,80434
13-06-2023,40,80474
14-06-2023,28,80502
15-06-2023,36,80538
16-06-2023,29,80567
17-06-2023,34,80601
18-06-2023,16,80617
19-06-2023,35,80652
20-06-2023,37,80689
21-06-2023,27,80716
22-06-2023,35,80751
23-06-2023,36,80787
24-06-2023,27,80814
25-06-2023,32,80846
26-06-2023,42,80888
27-06-2023,29,80917
28-06-2023,28,80945
29-06-2023,32,80977
30-06-2023,28,81005
01-07-2023,25,81030
02-07-2023,38,81068
03-07-2023,30,81098
04-07-2023,31,81129
05-07-2023,30,81159
06-07-2023,45,81204
07-07-2023,29,81233
08-07-2023,26,81259
09-07-2023,33,81292
10-07-2023,26,81318
11-07-2023,37,81355
12-07-2023,34,81389
13-07-2023,32,81421
14-07-2023,42,81463
15-07-2023,22,81485
16-07-2023,17,81502
17-07-2023,38,81540
18-07-2023,42,81582
19-07-2023,32,81614
20-07-2023,38,81652
21-07-2023,34,81686
22-07-2023,27,81713
23-07-2023,32,81745
24-07-2023,38,81783
25-07-2023,38,81821
26-07-2023,31,81852
27-07-2023,35,81887
28-07-2023,20,81907
29-07-2023,30,81937
30-07-2023,22,81959
31-07-2023,24,81983
01-08-2023,33,82016
02-08-2023,26,82042
03-08-2023,34,82076
04-08-2023,30,82106
05-08-2023,21,82127
06-08-2023,23,82150
07-08-2023,29,82179
08-08-2023,27,82206
09-08-2023,34,82240
10-08-2023,31,82271
11-08-2023,31,82302
12-08-2023,15,82317
13-08-2023,27,82344
14-08-2023,23,82367
15-08-2023,42,82409
16-08-2023,33,82442
17-08-2023,39,82481
18-08-2023,23,82504
19-08-2023,23,82527
20-08-2023,39,82566
21-08-2023,60,82626
22-08-2023,84,82710
23-08-2023,29,82739
24-08-2023,25,82764
25-08-2023,27,82791
26-08-2023,21,82812
27-08-2023,30,82842
28-08-2023,31,82873
29-08-2023,32,82905
30-08-2023,40,82945
31-08-2023,29,82974
01-09-2023,41,83015
02-09-2023,24,83039
03-09-2023,29,83068
04-09-2023,35,83103
05-09-2023,33,83136
06-09-2023,31,83167
07-09-2023,40,83207
08-09-2023,33,83240
09-09-2023,32,83272
10-09-2023,33,83305
11-09-2023,38,83343
12-09-2023,39,83382
13-09-2023,39,83421
14-09-2023,47,83468
15-09-2023,35,83503
16-09-2023,29,83532
17-09-2023,31,83563
18-09-2023,39,83602
19-09-2023,30,83632
20-09-2023,37,83669
21-09-2023,37,83706
22-09-2023,21,83727
23-09-2023,36,83763
24-09-2023,28,83791
25-09-2023,41,83832
26-09-2023,28,83860
27-09-2023,39,83899
28-09-2023,30,83929
29-09-2023,27,83956
30-09-2023,34,83990
01-10-2023,28,84018
02-10-2023,24,84042
03-10-2023,26,84068
04-10-2023,38,84106
05-10-2023,27,84133
06-10-2023,31,84164
07-10-2023,33,84197
08-10-2023,35,84232
09-10-2023,31,84263
10-10-2023,29,84292
11-10-2023,33,84325
12-10-2023,35,84360
13-10-2023,21,84381
14-10-2023,26,84407
15-10-2023,24,84431
16-10-2023,31,84462
17-10-2023,26,84488
18-10-2023,35,84523
19-10-2023,34,84557
20-10-2023,46,84603
21-10-2023,31,84634
22-10-2023,29,84663
23-10-2023,33,84696
24-10-2023,30,84726
25-10-2023,34,84760
26-10-2023,37,84797
27-10-2023,31,84828
28-10-2023,25,84853
29-10-2023,30,84883
30-10-2023,30,84913
31-10-2023,34,84947
01-11-2023,29,84976
02-11-2023,34,85010
03-11-2023,32,85042
04-11-2023,21,85063
05-11-2023,31,85094
06-11-2023,40,85134
07-11-2023,35,85169
08-11-2023,31,85200
09-11-2023,35,85235
10-11-2023,30,85265
11-11-2023,34,85299
12-11-2023,20,85319
13-11-2023,25,85344
14-11-2023,31,85375
15-11-2023,35,85410
16-11-2023,25,85435
17-11-2023,36,85471
18-11-2023,31,85502
19-11-2023,28,85530
20-11-2023,32,85562
21-11-2023,35,85597
22-11-2023,36,85633
23-11-2023,40,85673
24-11-2023,22,85695
25-11-2023,27,85722
26-11-2023,22,85744
27-11-2023,32,85776
28-11-2023,26,85802
29-11-2023,40,85842
30-11-2023,39,85881
01-12-2023,33,85914
02-12-2023,36,85950
03-12-2023,66,86016
04-12-2023,92,86108
05-12-2023,37,86145
06-12-2023,36,86181
07-12-2023,24,86205
08-12-2023,39,86244
09-12-2023,29,86273
10-12-2023,32,86305
11-12-2023,42,86347
12-12-2023,36,86383
13-12-2023,27,86410
14-12-2023,35,86445
15-12-2023,30,86475
16-12-2023,22,86497
17-12-2023,24,86521
18-12-2023,33,86554
19-12-2023,25,86579
20-12-2023,28,86607
21-12-2023,33,86640
22-12-2023,24,86664
23-12-2023,28,86692
24-12-2023,25,86717
25-12-2023,35,86752
26-12-2023,31,86783
27-12-2023,39,86822
28-12-2023,30,86852
29-12-2023,37,86889
30-12-2023,25,86914
31-12-2023,28,86942
01-01-2024,28,86970
02-01-2024,39,87009
03-01-2024,38,87047
04-01-2024,36,87083
05-01-2024,37,87120
06-01-2024,26,87146
07-01-2024,30,87176
08-01-2024,39,87215
09-01-2024,29,87244
10-01-2024,48,87292
11-01-2024,58,87350
12-01-2024,42,87392
13-01-2024,27,87419
14-01-2024,21,87440
15-01-2024,51,87491
16-01-2024,27,87518
17-01-2024,44,87562
18-01-2024,44,87606
19-01-2024,28,87634
20-01-2024,27,87661
21-01-2024,29,87690
22-01-2024,42,87732
23-01-2024,45,87777
24-01-2024,28,87805
25-01-2024,37,87842
26-01-2024,45,87887
27-01-2024,42,87929
28-01-2024,30,87959
29-01-2024,33,87992
30-01-2024,42,88034
31-01-2024,38,88072
01-02-2024,42,88114
02-02-2024,40,88154
03-02-2024,33,88187
04-02-2024,49,88236
05-02-2024,48,88284
06-02-2024,49,88333
07-02-2024,50,88383
08-02-2024,39,88422
09-02-2024,31,88453
10-02-2024,32,88485
11-02-2024,25,88510
12-02-2024,38,88548
13-02-2024,43,88591
14-02-2024,37,88628
15-02-2024,37,88665
16-02-2024,28,88693
17-02-2024,33,88726
18-02-2024,43,88769
19-02-2024,45,88814
20-02-2024,28,88842
21-02-2024,42,88884
22-02-2024,42,88926
23-02-2024,47,88973
24-02-2024,31,89004
25-02-2024,28,89032
26-02-2024,45,89077
27-02-2024,45,89122
28-02-2024,49,89171
29-02-2024,60,89231
01-03-2024,36,89267
02-03-2024,40,89307
03-03-2024,38,89345
04-03-2024,49,89394
05-03-2024,51,89445
06-03-2024,48,89493
07-03-2024,38,89531
08-03-2024,33,89564
09-03-2024,42,89606
10-03-2024,129,89735
11-03-2024,193,89928
12-03-2024,180,90108
13-03-2024,97,90205
14-03-2024,55,90260
15-03-2024,39,90299
16-03-2024,26,90325
17-03-2024,39,90364
18-03-2024,43,90407
19-03-2024,33,90440
20-03-2024,34,90474
21-03-2024,54,90528
22-03-2024,32,90560
23-03-2024,43,90603
24-03-2024,39,90642
25-03-2024,46,90688
26-03-2024,39,90727
27-03-2024,39,90766
28-03-2024,36,90802
29-03-2024,37,90839
30-03-2024,22,90861
31-03-2024,49,90910
01-04-2024,60,90970
02-04-2024,42,91012
03-04-2024,40,91052
04-04-2024,27,91079
05-04-2024,34,91113
06-04-2024,42,91155
07-04-2024,30,91185
08-04-2024,38,91223
09-04-2024,37,91260
10-04-2024,43,91303
11-04-2024,29,91332
12-04-2024,41,91373
13-04-2024,28,91401
14-04-2024,34,91435
15-04-2024,28,91463
16-04-2024,32,91495
17-04-2024,48,91543
18-04-2024,29,91572
19-04-2024,38,91610
20-04-2024,28,91638
21-04-2024,24,91662
22-04-2024,29,91691
23-04-2024,43,91734
24-04-2024,49,91783
25-04-2024,40,91823
26-04-2024,29,91852
27-04-2024,24,91876
28-04-2024,27,91903
29-04-2024,29,91932
30-04-2024,38,91970
01-05-2024,33,92003
02-05-2024,48,92051
03-05-2024,39,92090
04-05-2024,33,92123
05-05-2024,28,92151
06-05-2024,39,92190
07-05-2024,55,92245
08-05-2024,33,92278
09-05-2024,36,92314
10-05-2024,28,92342
11-05-2024,21,92363
12-05-2024,19,92382
13-05-2024,26,92408
14-05-2024,35,92443
15-05-2024,29,92472
16-05-2024,24,92496
17-05-2024,27,92523
18-05-2024,19,92542
19-05-2024,28,92570
20-05-2024,28,92598
21-05-2024,29,92627
22-05-2024,27,92654
23-05-2024,43,92697
24-05-2024,27,92724
25-05-2024,19,92743
26-05-2024,24,92767
27-05-2024,25,92792
28-05-2024,18,92810
29-05-2024,28,92838
30-05-2024,30,92868
31-05-2024,24,92892
01-06-2024,36,92928
02-06-2024,18,92946
03-06-2024,30,92976
04-06-2024,40,93016
05-06-2024,28,93044
06-06-2024,26,93070
07-06-2024,33,93103
08-06-2024,26,93129
09-06-2024,28,93157
10-06-2024,19,93176
11-06-2024,32,93208
12-06-2024,34,93242
13-06-2024,36,93278
14-06-2024,49,93327
15-06-2024,31,93358
16-06-2024,23,93381
17-06-2024,34,93415
18-06-2024,33,93448
19-06-2024,45,93493
20-06-2024,25,93518
21-06-2024,37,93555
22-06-2024,31,93586
23-06-2024,27,93613
24-06-2024,27,93640
25-06-2024,33,93673
26-06-2024,33,93706
27-06-2024,31,93737
28-06-2024,32,93769
29-06-2024,30,93799
30-06-2024,13,93812
01-07-2024,27,93839
02-07-2024,25,93864
03-07-2024,35,93899
04-07-2024,35,93934
05-07-2024,39,93973
06-07-2024,25,93998
07-07-2024,26,94024
08-07-2024,33,94057
09-07-2024,28,94085
10-07-2024,27,94112
11-07-2024,37,94149
12-07-2024,27,94176
13-07-2024,29,94205
14-07-2024,21,94226
15-07-2024,31,94257
16-07-2024,30,94287
17-07-2024,31,94318
18-07-2024,40,94358
19-07-2024,31,94389
20-07-2024,28,94417
21-07-2024,33,94450
22-07-2024,28,94478
23-07-2024,38,94516
24-07-2024,36,94552
25-07-2024,35,94587
26-07-2024,31,94618
27-07-2024,25,94643
28-07-2024,25,94668
29-07-2024,40,94708
30-07-2024,33,94741
31-07-2024,32,94773
01-08-2024,38,94811
02-08-2024,37,94848
03-08-2024,29,94877
04-08-2024,33,94910
05-08-2024,31,94941
06-08-2024,36,94977
07-08-2024,45,95022
08-08-2024,36,95058
09-08-2024,34,95092
10-08-2024,31,95123
11-08-2024,27,95150
12-08-2024,30,95180
13-08-2024,39,95219
14-08-2024,38,95257
15-08-2024,33,95290
16-08-2024,34,95324
17-08-2024,28,95352
18-08-2024,17,95369
19-08-2024,38,95407
20-08-2024,37,95444
21-08-2024,26,95470
22-08-2024,47,95517
23-08-2024,42,95559
24-08-2024,27,95586
25-08-2024,34,95620
26-08-2024,36,95656
27-08-2024,21,95677
28-08-2024,19,95696
29-08-2024,44,95740
30-08-2024,23,95763
31-08-2024,35,95798
01-09-2024,23,95821
02-09-2024,34,95855
03-09-2024,27,95882
04-09-2024,40,95922
05-09-2024,28,95950
06-09-2024,37,95987
07-09-2024,35,96022
08-09-2024,21,96043
09-09-2024,20,96063
10-09-2024,40,96103
11-09-2024,30,96133
12-09-2024,32,96165
13-09-2024,34,96199
14-09-2024,29,96228
15-09-2024,26,96254
16-09-2024,27,96281
17-09-2024,26,96307
18-09-2024,35,96342
19-09-2024,34,96376
20-09-2024,47,96423
21-09-2024,35,96458
22-09-2024,26,96484
23-09-2024,38,96522
24-09-2024,40,96562
25-09-2024,35,96597
26-09-2024,45,96642
27-09-2024,33,96675
28-09-2024,27,96702
29-09-2024,26,96728
30-09-2024,29,96757
01-10-2024,29,96786
02-10-2024,32,96818
03-10-2024,26,96844
04-10-2024,24,96868
05-10-2024,20,96888
06-10-2024,35,96923
07-10-2024,33,96956
08-10-2024,37,96993
09-10-2024,34,97027
10-10-2024,48,97075
11-10-2024,55,97130
12-10-2024,30,97160
13-10-2024,35,97195
14-10-2024,48,97243
15-10-2024,39,97282
16-10-2024,34,97316
17-10-2024,32,97348
18-10-2024,34,97382
19-10-2024,22,97404
20-10-2024,37,97441
21-10-2024,36,97477
22-10-2024,32,97509
23-10-2024,30,97539
24-10-2024,37,97576
25-10-2024,31,97607
26-10-2024,36,97643
27-10-2024,18,97661
28-10-2024,38,97699
29-10-2024,34,97733
30-10-2024,32,97765
31-10-2024,20,97785
01-11-2024,26,97811
02-11-2024,30,97841
03-11-2024,25,97866
04-11-2024,33,97899
05-11-2024,33,97932
06-11-2024,43,97975
07-11-2024,33,98008
08-11-2024,39,98047
09-11-2024,38,98085
10-11-2024,26,98111
11-11-2024,28,98139
12-11-2024,55,98194
13-11-2024,63,98257
14-11-2024,50,98307
15-11-2024,38,98345
16-11-2024,33,98378
17-11-2024,31,98409
18-11-2024,34,98443
19-11-2024,35,98478
20-11-2024,35,98513
21-11-2024,25,98538
22-11-2024,26,98564
23-11-2024,38,98602
24-11-2024,30,98632
25-11-2024,35,98667
26-11-2024,38,98705
27-11-2024,42,98747
28-11-2024,33,98780
29-11-2024,49,98829
30-11-2024,43,98872
01-12-2024,43,98915
02-12-2024,49,98964
03-12-2024,43,99007
04-12-2024,40,99047
05-12-2024,53,99100
06-12-2024,35,99135
07-12-2024,34,99169
08-12-2024,25,99194
09-12-2024,41,99235
10-12-2024,45,99280
11-12-2024,35,99315
12-12-2024,37,99352
13-12-2024,33,99385
14-12-2024,28,99413
15-12-2024,30,99443
16-12-2024,42,99485
17-12-2024,34,99519
18-12-2024,21,99540
19-12-2024,38,99578
20-12-2024,34,99612
21-12-2024,33,99645
22-12-2024,29,99674
23-12-2024,33,99707
24-12-2024,30,99737
25-12-2024,29,99766
26-12-2024,57,99823
27-12-2024,50,99873
28-12-2024,31,99904
29-12-2024,48,99952
30-12-2024,48,100000
31-12-2024,30,100030
01-01-2025,34,100064
02-01-2025,56,100120
03-01-2025,38,100158
04-01-2025,39,100197
05-01-2025,34,100231
06-01-2025,13,100244